27.7421
28.0432
28.0495
28.0734
28.0956
28.1211
28.1244
28.1514
28.1524
28.1525
28.1547
28.1614
28.1794
28.1935
28.1947
28.1978
28.2015
28.2037
28.2076
28.2259
28.2306
28.2361
28.2384
28.2398
28.2414
28.2462
28.2487
28.2497
28.2517
28.2533
28.2539
28.2543
28.2633
28.2686
28.2694
28.2701
28.2765
28.2772
28.2773
28.2777
28.2779
28.2789
28.2801
28.282
28.282
28.2834
28.2849
28.2869
28.2899
28.2912
28.2921
28.2924
28.2952
28.2959
28.2963
28.2997
28.2998
28.3014
28.3018
28.3028
28.3046
28.3078
28.3101
28.3119
28.3134
28.3159
28.3178
28.3203
28.3206
28.3238
28.3262
28.3278
28.3303
28.3327
28.3329
28.3333
28.3335
28.3361
28.3372
28.3372
28.3382
28.3391
28.3406
28.341
28.3412
28.3418
28.3441
28.3444
28.3465
28.3469
28.3485
28.3489
28.3492
28.3502
28.3509
28.3514
28.3515
28.3535
28.3547
28.3552
28.3605
28.3608
28.3614
28.3624
28.3643
28.3663
28.3664
28.3712
28.3716
28.3734
28.3742
28.3746
28.3748
28.3757
28.3771
28.3775
28.3776
28.3776
28.3779
28.3795
28.3814
28.382
28.3827
28.3836
28.3838
28.3855
28.3867
28.3876
28.3889
28.39
28.3915
28.3942
28.3947
28.3959
28.3968
28.3971
28.3982
28.3985
28.399
28.4004
28.4008
28.4012
28.4021
28.4036
28.4038
28.4055
28.4067
28.4073
28.4075
28.4079
28.4082
28.4092
28.4098
28.41
28.41
28.4104
28.4104
28.4107
28.4111
28.4119
28.4131
28.4134
28.4137
28.4138
28.4139
28.4158
28.4159
28.416
28.417
28.4191
28.4196
28.421
28.4218
28.4219
28.4223
28.4224
28.4227
28.4249
28.4256
28.4268
28.427
28.4283
28.4289
28.4298
28.4305
28.431
28.4333
28.4344
28.4349
28.4353
28.4357
28.4358
28.4359
28.4362
28.4389
28.439
28.4393
28.4393
28.4395
28.4423
28.4435
28.4438
28.4442
28.4454
28.4454
28.4456
28.4469
28.4474
28.448
28.4482
28.4489
28.4503
28.4509
28.451
28.4512
28.4512
28.4519
28.4521
28.4522
28.4522
28.454
28.4547
28.4552
28.4554
28.4558
28.4578
28.4588
28.4594
28.4597
28.4598
28.4598
28.4599
28.4601
28.4601
28.4608
28.4609
28.4611
28.4615
28.4627
28.4635
28.4636
28.4637
28.4638
28.4641
28.4647
28.4661
28.4662
28.4665
28.4667
28.4668
28.4676
28.4678
28.4684
28.4685
28.4688
28.469
28.4692
28.4695
28.4707
28.4715
28.4715
28.4721
28.4726
28.473
28.4734
28.4738
28.4739
28.4751
28.4752
28.4761
28.4772
28.4783
28.4787
28.4795
28.4801
28.4805
28.481
28.4814
28.4821
28.4822
28.4826
28.4829
28.4835
28.4842
28.4844
28.4845
28.4846
28.4849
28.485
28.4853
28.4853
28.4862
28.4862
28.4867
28.4875
28.4877
28.4879
28.4879
28.488
28.4882
28.4897
28.4898
28.4903
28.4907
28.4912
28.4918
28.4921
28.4922
28.4926
28.4926
28.4927
28.4928
28.4939
28.4943
28.4946
28.4948
28.4948
28.4956
28.4956
28.4965
28.4967
28.4968
28.4968
28.4969
28.4969
28.4969
28.4974
28.4981
28.4981
28.4981
28.4982
28.4984
28.4992
28.4993
28.5005
28.5005
28.5006
28.5007
28.5009
28.5009
28.5014
28.5014
28.5017
28.5027
28.5033
28.5034
28.5043
28.5052
28.5059
28.506
28.506
28.5069
28.507
28.5073
28.5075
28.508
28.5084
28.5089
28.5091
28.5092
28.5093
28.5099
28.5101
28.5103
28.5111
28.5128
28.5135
28.5137
28.5143
28.5145
28.5149
28.5158
28.5158
28.5162
28.5163
28.5165
28.5167
28.5172
28.5176
28.5176
28.5176
28.518
28.5181
28.5184
28.5185
28.519
28.519
28.5191
28.5191
28.5191
28.5194
28.5207
28.5217
28.5225
28.5225
28.5231
28.5243
28.5247
28.5248
28.5249
28.5255
28.5255
28.5273
28.5273
28.5274
28.5278
28.5281
28.5282
28.5282
28.5285
28.5286
28.5299
28.5299
28.5302
28.5304
28.5343
28.5343
28.5345
28.5346
28.5347
28.5347
28.5347
28.5348
28.5348
28.5353
28.536
28.5361
28.5367
28.537
28.5371
28.5378
28.5384
28.5385
28.5388
28.5389
28.5392
28.5408
28.5409
28.5411
28.5413
28.5418
28.5419
28.5425
28.5428
28.5428
28.5428
28.5434
28.5436
28.544
28.544
28.5448
28.5453
28.5453
28.5456
28.5457
28.5461
28.5462
28.5464
28.5467
28.5467
28.5468
28.5476
28.5479
28.5481
28.5483
28.5484
28.5484
28.5485
28.5489
28.5492
28.5493
28.5493
28.5503
28.5503
28.5507
28.5509
28.5516
28.552
28.5527
28.5529
28.5538
28.5539
28.554
28.5543
28.5543
28.5545
28.5547
28.5547
28.555
28.5552
28.5552
28.5552
28.5554
28.5556
28.556
28.5561
28.5564
28.5567
28.5567
28.5573
28.5573
28.5579
28.5592
28.5592
28.5594
28.5595
28.5595
28.5596
28.5598
28.5598
28.5598
28.56
28.5602
28.5603
28.5604
28.5606
28.5609
28.5612
28.5613
28.5617
28.5617
28.5618
28.5618
28.5621
28.5625
28.5625
28.5629
28.5631
28.5632
28.5639
28.5639
28.5641
28.5642
28.5647
28.5648
28.5649
28.5651
28.5651
28.5655
28.5656
28.5657
28.5661
28.5667
28.5668
28.5671
28.5672
28.5673
28.5674
28.5674
28.5676
28.5677
28.5677
28.5684
28.5687
28.5687
28.5687
28.5691
28.5692
28.5696
28.5697
28.5702
28.5702
28.5704
28.5705
28.5714
28.5716
28.5718
28.5721
28.5722
28.5725
28.5726
28.5733
28.5734
28.5737
28.5744
28.5747
28.5749
28.5755
28.5756
28.5756
28.5756
28.576
28.5765
28.5765
28.5767
28.5767
28.577
28.5776
28.5776
28.5781
28.5782
28.5782
28.5783
28.5783
28.5789
28.5794
28.5801
28.5802
28.5802
28.5804
28.5805
28.5809
28.581
28.5811
28.5814
28.5814
28.5821
28.5827
28.5828
28.5828
28.5831
28.5832
28.5833
28.5835
28.5836
28.5838
28.5841
28.5842
28.5844
28.5848
28.5852
28.5853
28.5853
28.5859
28.5865
28.5878
28.5878
28.5881
28.5881
28.5882
28.5882
28.5883
28.5884
28.5885
28.5894
28.5897
28.5899
28.5906
28.5906
28.5907
28.5913
28.5915
28.5915
28.5917
28.5918
28.5921
28.5924
28.5929
28.593
28.5935
28.5938
28.5939
28.594
28.5941
28.5944
28.5951
28.5958
28.5959
28.5967
28.597
28.5971
28.5974
28.5976
28.5977
28.5978
28.5982
28.5983
28.5985
28.5985
28.5986
28.5986
28.5986
28.5987
28.5988
28.5995
28.5995
28.5998
28.5998
28.6002
28.6003
28.6005
28.6007
28.6008
28.601
28.601
28.6011
28.6015
28.6015
28.6017
28.6021
28.6022
28.6024
28.6026
28.6028
28.603
28.6031
28.6033
28.6037
28.6041
28.6042
28.6043
28.6043
28.6046
28.6048
28.6051
28.6053
28.6054
28.6055
28.6056
28.6062
28.6065
28.6065
28.6066
28.6067
28.6074
28.6086
28.6087
28.6089
28.6091
28.6094
28.6095
28.6099
28.6101
28.6101
28.6103
28.6104
28.6104
28.6106
28.6107
28.6108
28.6112
28.6114
28.6115
28.612
28.6121
28.6123
28.6126
28.6133
28.6134
28.6134
28.6143
28.6145
28.6145
28.6146
28.6151
28.6153
28.6153
28.6154
28.6157
28.6158
28.6159
28.616
28.6167
28.6168
28.617
28.6174
28.6182
28.6182
28.6184
28.6189
28.6194
28.6195
28.6196
28.6197
28.6198
28.6201
28.6201
28.6201
28.6204
28.6205
28.6209
28.6214
28.6218
28.6224
28.6227
28.6227
28.6231
28.6234
28.6246
28.625
28.6251
28.6251
28.6253
28.6254
28.6256
28.6257
28.6258
28.6259
28.6262
28.6263
28.6266
28.6267
28.6268
28.6269
28.6271
28.6273
28.6273
28.6276
28.6276
28.6277
28.6278
28.6279
28.628
28.6281
28.6284
28.6286
28.6291
28.6291
28.6296
28.6296
28.6297
28.631
28.6314
28.6315
28.6315
28.6315
28.6316
28.6318
28.6327
28.6328
28.6328
28.6335
28.6335
28.6336
28.6337
28.6338
28.6339
28.6339
28.634
28.6343
28.6346
28.6349
28.6351
28.6352
28.6353
28.6355
28.6355
28.6356
28.6357
28.6358
28.636
28.636
28.6362
28.6362
28.6362
28.6366
28.6367
28.6369
28.6372
28.6372
28.6374
28.6374
28.6375
28.6377
28.6377
28.6377
28.6382
28.6382
28.6385
28.6389
28.639
28.6391
28.6392
28.6394
28.6396
28.6397
28.6397
28.6399
28.6401
28.6404
28.6405
28.6405
28.6408
28.6409
28.6409
28.641
28.6412
28.6412
28.6413
28.6416
28.6417
28.6423
28.6425
28.6426
28.6429
28.6433
28.6439
28.6445
28.6446
28.6447
28.6448
28.6448
28.645
28.6452
28.6454
28.6456
28.6458
28.6464
28.6464
28.6468
28.6469
28.6469
28.6471
28.6471
28.6472
28.6475
28.6476
28.6479
28.648
28.6481
28.6482
28.6484
28.6484
28.6485
28.6486
28.6488
28.649
28.6493
28.6494
28.6496
28.65
28.6501
28.651
28.6512
28.6513
28.6515
28.6515
28.6516
28.6517
28.6518
28.6522
28.6522
28.6523
28.6523
28.6524
28.6525
28.6528
28.653
28.6533
28.6536
28.6537
28.6539
28.6539
28.6543
28.6544
28.6546
28.6549
28.6549
28.6549
28.6551
28.6553
28.6553
28.6554
28.6554
28.6554
28.6554
28.6555
28.6557
28.6558
28.6559
28.656
28.656
28.6566
28.6566
28.6566
28.6567
28.6568
28.6569
28.657
28.6571
28.6572
28.6573
28.6577
28.6584
28.6584
28.6586
28.6587
28.6589
28.659
28.6591
28.6594
28.6595
28.6595
28.66
28.6602
28.6604
28.6604
28.6606
28.6608
28.6609
28.6613
28.6616
28.6617
28.6619
28.6621
28.6623
28.6624
28.6625
28.6626
28.6627
28.663
28.6638
28.6639
28.6642
28.6643
28.6648
28.6649
28.665
28.6653
28.6654
28.6656
28.6656
28.6657
28.6658
28.6662
28.6667
28.6672
28.6674
28.6675
28.6676
28.6677
28.668
28.6681
28.6681
28.6682
28.6684
28.6685
28.6687
28.6688
28.6688
28.6689
28.6691
28.6693
28.6694
28.6696
28.6699
28.67
28.6701
28.6707
28.6708
28.6709
28.6712
28.6715
28.6717
28.6718
28.672
28.672
28.6724
28.6724
28.6728
28.6731
28.6732
28.6735
28.6736
28.6736
28.6737
28.674
28.6745
28.6746
28.6747
28.6747
28.6751
28.6753
28.6753
28.6755
28.6756
28.6756
28.6757
28.6758
28.676
28.6761
28.6762
28.6762
28.6765
28.6765
28.6766
28.6766
28.6766
28.6768
28.6768
28.6769
28.6771
28.6771
28.6774
28.6775
28.6775
28.6775
28.6775
28.678
28.6781
28.6781
28.6781
28.6783
28.6784
28.6785
28.6785
28.6785
28.6786
28.6787
28.679
28.6793
28.6793
28.6797
28.6801
28.6802
28.6803
28.6805
28.6805
28.6805
28.6807
28.6807
28.6809
28.6813
28.6815
28.6816
28.6817
28.682
28.6826
28.6828
28.6829
28.6829
28.6829
28.6829
28.683
28.6831
28.6835
28.6837
28.6839
28.6841
28.6842
28.6844
28.6847
28.6848
28.6848
28.6851
28.6859
28.6861
28.6864
28.6866
28.6869
28.6869
28.687
28.687
28.6871
28.6872
28.6872
28.6873
28.6875
28.6875
28.6878
28.6882
28.6885
28.6887
28.6892
28.6899
28.6902
28.6903
28.6905
28.6906
28.6908
28.6908
28.691
28.691
28.6912
28.6913
28.6913
28.6914
28.6914
28.6915
28.6918
28.6923
28.6924
28.6926
28.6927
28.6928
28.6935
28.6938
28.6939
28.6942
28.6943
28.6943
28.6944
28.6947
28.6947
28.6949
28.6951
28.6951
28.6956
28.6956
28.6956
28.696
28.6962
28.6965
28.6966
28.6968
28.6972
28.6973
28.6974
28.6982
28.6987
28.6988
28.6989
28.6991
28.6992
28.6995
28.7002
28.7003
28.7003
28.7007
28.7008
28.7008
28.7008
28.7009
28.701
28.701
28.7011
28.7011
28.7011
28.7013
28.7013
28.7018
28.7023
28.7024
28.7024
28.7025
28.7029
28.7031
28.7031
28.7033
28.7034
28.7036
28.7037
28.7037
28.7042
28.7046
28.7049
28.7052
28.7054
28.7055
28.7055
28.7057
28.7057
28.7057
28.7058
28.7059
28.7059
28.706
28.706
28.7061
28.7062
28.7063
28.7063
28.7065
28.7067
28.7069
28.707
28.7071
28.7072
28.7077
28.7078
28.7079
28.7081
28.7085
28.7086
28.7088
28.7088
28.7092
28.7096
28.7097
28.7102
28.7102
28.7104
28.7112
28.7112
28.7116
28.7116
28.7118
28.7125
28.7127
28.7129
28.7132
28.7133
28.7133
28.7133
28.7134
28.7136
28.7137
28.7137
28.7138
28.7138
28.7139
28.7139
28.714
28.7142
28.7142
28.7154
28.7154
28.7157
28.7158
28.7163
28.7163
28.7164
28.7165
28.717
28.7172
28.7173
28.7173
28.7177
28.7178
28.7179
28.7179
28.718
28.7181
28.7181
28.7182
28.7183
28.7183
28.7183
28.7185
28.7185
28.719
28.7191
28.7192
28.7193
28.7193
28.7193
28.7194
28.7195
28.7195
28.7195
28.7198
28.7199
28.72
28.7201
28.7201
28.7202
28.7204
28.7206
28.7208
28.7212
28.7213
28.7217
28.7217
28.7218
28.722
28.7225
28.7226
28.7242
28.7243
28.7244
28.7245
28.7246
28.725
28.725
28.725
28.7251
28.7251
28.7252
28.7252
28.7253
28.7253
28.7253
28.7254
28.7255
28.7256
28.7256
28.7259
28.7259
28.7262
28.7263
28.7264
28.7267
28.7267
28.727
28.7271
28.7271
28.7272
28.7272
28.7273
28.7275
28.7275
28.7275
28.7276
28.7277
28.7277
28.7278
28.7279
28.728
28.7284
28.7287
28.7288
28.7289
28.7293
28.7294
28.7298
28.73
28.73
28.7301
28.7303
28.7304
28.7304
28.7305
28.7306
28.731
28.7311
28.7314
28.7316
28.732
28.732
28.7321
28.7322
28.7322
28.7325
28.7328
28.7328
28.7331
28.7331
28.7332
28.7334
28.7336
28.7337
28.7337
28.7338
28.7339
28.7339
28.7342
28.7347
28.7347
28.7351
28.7353
28.7355
28.7357
28.7357
28.7361
28.7364
28.7365
28.7372
28.7373
28.7375
28.7375
28.738
28.7381
28.7381
28.7383
28.7383
28.7384
28.7384
28.7389
28.739
28.7393
28.7394
28.7395
28.7409
28.7411
28.7412
28.7413
28.7417
28.7417
28.7417
28.7418
28.7422
28.7422
28.7423
28.7423
28.7425
28.7426
28.7427
28.7427
28.7429
28.7429
28.7431
28.7431
28.7432
28.7437
28.7438
28.7439
28.744
28.7441
28.7441
28.7443
28.7444
28.7445
28.7446
28.7448
28.7448
28.7449
28.7449
28.745
28.7452
28.7452
28.7453
28.7454
28.7456
28.7459
28.746
28.7462
28.7465
28.7466
28.7466
28.7468
28.747
28.747
28.7472
28.7472
28.7473
28.7475
28.7476
28.7477
28.7477
28.7477
28.7483
28.7484
28.7485
28.7489
28.7489
28.7492
28.7492
28.7494
28.7494
28.7494
28.7497
28.7497
28.7498
28.7499
28.75
28.7501
28.7509
28.7511
28.7512
28.7512
28.7516
28.7518
28.7519
28.7519
28.7523
28.7525
28.7525
28.7526
28.7532
28.7532
28.7533
28.7534
28.7534
28.7534
28.7534
28.7538
28.7541
28.7543
28.7545
28.7545
28.7545
28.7548
28.7548
28.7548
28.7548
28.755
28.7552
28.7552
28.7554
28.7555
28.7558
28.7558
28.7558
28.7559
28.7559
28.756
28.7562
28.7563
28.7564
28.7565
28.7567
28.7567
28.7567
28.7568
28.757
28.7573
28.7577
28.7578
28.7579
28.7581
28.7581
28.7581
28.7581
28.7582
28.7582
28.7583
28.7584
28.7584
28.7587
28.7589
28.759
28.7591
28.7591
28.7592
28.7593
28.7596
28.7598
28.7599
28.7599
28.76
28.76
28.7601
28.7603
28.7604
28.7608
28.7609
28.761
28.7611
28.7611
28.7614
28.7614
28.7615
28.7615
28.7619
28.7623
28.7631
28.7633
28.7633
28.7635
28.7638
28.7638
28.7639
28.764
28.7641
28.7642
28.7643
28.7645
28.7646
28.7646
28.7647
28.7648
28.7651
28.7652
28.7652
28.7653
28.7655
28.7656
28.7659
28.7661
28.7662
28.7663
28.7663
28.7664
28.7666
28.7666
28.7667
28.7672
28.7672
28.7672
28.7673
28.7673
28.7678
28.7681
28.7682
28.7682
28.7682
28.7682
28.7683
28.7685
28.7685
28.7686
28.7686
28.7689
28.769
28.7691
28.7692
28.7692
28.7694
28.7696
28.7701
28.7702
28.7703
28.7703
28.7708
28.771
28.7715
28.7721
28.7724
28.7726
28.7727
28.7729
28.7729
28.773
28.7731
28.7731
28.7731
28.7732
28.7733
28.7733
28.7735
28.7736
28.7738
28.7738
28.7738
28.7738
28.7738
28.7739
28.7739
28.7745
28.7746
28.7746
28.7747
28.7747
28.7748
28.7748
28.7751
28.7753
28.7755
28.7755
28.7756
28.7757
28.7758
28.7758
28.7758
28.7759
28.7762
28.7762
28.7763
28.7768
28.7774
28.7774
28.7775
28.7775
28.7775
28.7781
28.7781
28.7784
28.7785
28.7787
28.7787
28.7789
28.7789
28.7789
28.7789
28.7791
28.7795
28.7796
28.7798
28.7798
28.7803
28.7804
28.7804
28.7805
28.7811
28.7811
28.7812
28.7813
28.7813
28.7814
28.7814
28.7815
28.7815
28.7816
28.7817
28.7817
28.7818
28.7819
28.782
28.782
28.7821
28.7821
28.7821
28.7823
28.7823
28.7825
28.7825
28.783
28.783
28.7833
28.7834
28.7834
28.7836
28.7837
28.7839
28.784
28.7841
28.7841
28.7842
28.7843
28.7844
28.7844
28.7844
28.7845
28.7847
28.7848
28.785
28.7851
28.7851
28.7851
28.7852
28.7858
28.7858
28.7859
28.7861
28.7862
28.7863
28.7866
28.7867
28.7867
28.7868
28.7869
28.7871
28.7874
28.7877
28.7878
28.7881
28.7881
28.7882
28.7883
28.7885
28.7886
28.7886
28.7888
28.7889
28.789
28.789
28.789
28.7891
28.7894
28.7898
28.7898
28.7902
28.7905
28.7905
28.7905
28.7906
28.7906
28.7906
28.7907
28.7909
28.7909
28.7909
28.7913
28.7917
28.7918
28.7919
28.792
28.792
28.792
28.7922
28.7922
28.7923
28.7923
28.7924
28.7924
28.7927
28.7928
28.7931
28.7932
28.7932
28.7935
28.7936
28.7936
28.7937
28.7939
28.7941
28.7943
28.7944
28.7948
28.7949
28.795
28.795
28.7952
28.7952
28.7952
28.7956
28.7957
28.7957
28.7964
28.7964
28.7969
28.797
28.7972
28.7974
28.7975
28.7976
28.7977
28.7979
28.798
28.7981
28.7983
28.7983
28.7984
28.7985
28.7985
28.7987
28.7987
28.7989
28.7989
28.799
28.7991
28.7991
28.7993
28.7994
28.7994
28.7995
28.7995
28.7997
28.8001
28.8001
28.8001
28.8005
28.8008
28.8008
28.8008
28.8008
28.8008
28.8009
28.8011
28.8012
28.8014
28.802
28.8021
28.8022
28.8022
28.8026
28.8026
28.8028
28.8028
28.8029
28.8034
28.8035
28.8037
28.8038
28.804
28.804
28.8041
28.8042
28.8042
28.8045
28.8048
28.8048
28.8051
28.8051
28.8053
28.8056
28.8056
28.8059
28.8061
28.8062
28.8063
28.8065
28.8065
28.8067
28.8068
28.8069
28.807
28.8071
28.8071
28.8071
28.8072
28.8074
28.8074
28.8074
28.8077
28.8081
28.8081
28.8083
28.8083
28.8084
28.8086
28.8087
28.8087
28.809
28.8092
28.8092
28.8092
28.8094
28.8095
28.8095
28.8096
28.8098
28.8099
28.81
28.8101
28.8102
28.8103
28.8103
28.8104
28.8104
28.8104
28.8109
28.8112
28.8112
28.8115
28.8115
28.8116
28.8117
28.8122
28.8124
28.8125
28.8125
28.8129
28.8131
28.8131
28.8134
28.8136
28.8137
28.8139
28.8141
28.8142
28.8144
28.8145
28.8146
28.8148
28.8149
28.8151
28.8151
28.8151
28.8153
28.8153
28.8155
28.8156
28.8158
28.8158
28.8161
28.8163
28.8163
28.8163
28.8164
28.8165
28.8166
28.8168
28.8168
28.8169
28.8169
28.8174
28.8175
28.8178
28.8178
28.8179
28.8179
28.8181
28.8186
28.8188
28.8189
28.8189
28.8189
28.8192
28.8192
28.8193
28.8194
28.8196
28.8196
28.8198
28.8198
28.82
28.82
28.8201
28.8202
28.8205
28.8206
28.8206
28.8207
28.8208
28.8208
28.8208
28.8209
28.821
28.821
28.8211
28.8213
28.8219
28.8221
28.8225
28.8225
28.8227
28.8227
28.8228
28.8229
28.8229
28.8232
28.8233
28.8234
28.8234
28.8235
28.8235
28.8236
28.8236
28.8237
28.8239
28.8239
28.8241
28.8241
28.8242
28.8242
28.8245
28.825
28.8251
28.8252
28.8254
28.8255
28.8256
28.8257
28.826
28.8261
28.8261
28.8262
28.8264
28.8265
28.827
28.827
28.8271
28.8271
28.8272
28.8273
28.8273
28.8273
28.8276
28.8276
28.8277
28.8279
28.828
28.8282
28.8284
28.8285
28.8291
28.8291
28.8291
28.8292
28.8292
28.8295
28.8296
28.8296
28.8298
28.8299
28.83
28.8303
28.8305
28.8307
28.8309
28.8309
28.831
28.8312
28.8314
28.8319
28.8321
28.8321
28.8321
28.8322
28.8322
28.8323
28.8326
28.8326
28.8327
28.833
28.8331
28.8331
28.8331
28.8336
28.8337
28.8342
28.8342
28.8343
28.8343
28.8347
28.8347
28.8349
28.8351
28.8352
28.8353
28.8353
28.8354
28.8357
28.8357
28.8359
28.836
28.8361
28.8361
28.8361
28.8364
28.8364
28.8364
28.8364
28.8367
28.8367
28.8368
28.8369
28.8372
28.8376
28.8379
28.838
28.8381
28.8381
28.8383
28.8383
28.8383
28.8385
28.8386
28.8387
28.8389
28.839
28.839
28.8396
28.8397
28.8401
28.8402
28.8403
28.8404
28.8405
28.8406
28.8406
28.8409
28.8409
28.8409
28.841
28.8414
28.8414
28.8418
28.8418
28.8419
28.842
28.8421
28.8422
28.8423
28.8423
28.8424
28.8426
28.8426
28.8429
28.8429
28.8429
28.8431
28.8431
28.8431
28.8432
28.8432
28.8434
28.8435
28.8435
28.8435
28.8439
28.8439
28.8442
28.8445
28.8446
28.8447
28.8448
28.8449
28.8451
28.8452
28.8452
28.8453
28.8453
28.8454
28.8454
28.8455
28.8455
28.8456
28.8457
28.8457
28.8458
28.846
28.8464
28.8466
28.8466
28.847
28.847
28.8471
28.8473
28.8474
28.8474
28.8474
28.8475
28.8475
28.8476
28.8477
28.8477
28.8477
28.8479
28.8479
28.848
28.8481
28.8482
28.8483
28.8484
28.8485
28.8485
28.8487
28.8489
28.8489
28.849
28.849
28.8491
28.8492
28.8494
28.8496
28.8496
28.8497
28.8497
28.8498
28.8498
28.8498
28.8502
28.8502
28.8504
28.8505
28.8506
28.8506
28.8507
28.8509
28.8511
28.8512
28.8512
28.8513
28.8514
28.8515
28.8515
28.8517
28.8517
28.8519
28.852
28.8522
28.8523
28.8525
28.8525
28.8527
28.8527
28.8528
28.8529
28.8531
28.8533
28.8535
28.8536
28.8541
28.8541
28.8545
28.8546
28.8548
28.8549
28.8549
28.8549
28.855
28.8552
28.8553
28.8555
28.8558
28.8562
28.8562
28.8563
28.8565
28.8569
28.857
28.8572
28.8574
28.8575
28.858
28.858
28.8581
28.8581
28.8582
28.8582
28.8584
28.8584
28.8585
28.8586
28.8587
28.859
28.8591
28.8591
28.8593
28.8593
28.8593
28.8594
28.8599
28.8604
28.8604
28.8607
28.861
28.8616
28.8627
28.8629
28.8629
28.8631
28.8632
28.8634
28.8634
28.8638
28.8638
28.8638
28.8639
28.8641
28.8642
28.8644
28.8644
28.8644
28.8646
28.8648
28.8649
28.865
28.8653
28.8656
28.8658
28.8659
28.866
28.8662
28.8663
28.8665
28.8665
28.8666
28.8667
28.8669
28.8671
28.8673
28.8674
28.8674
28.8675
28.8675
28.8676
28.8681
28.8682
28.8682
28.8683
28.8683
28.8684
28.8689
28.869
28.8694
28.8694
28.8695
28.8695
28.8696
28.8697
28.8698
28.87
28.8701
28.8704
28.8704
28.8706
28.8708
28.8708
28.8709
28.8709
28.8709
28.8711
28.8712
28.8712
28.8712
28.8713
28.8713
28.8713
28.8718
28.8718
28.8718
28.8718
28.8719
28.8722
28.8722
28.8723
28.8723
28.8724
28.8726
28.8728
28.8728
28.8728
28.8728
28.8729
28.873
28.873
28.8734
28.8734
28.8738
28.8739
28.8741
28.8742
28.8743
28.8744
28.8746
28.8748
28.8751
28.8752
28.8753
28.8755
28.8756
28.8757
28.8758
28.876
28.876
28.876
28.8762
28.8763
28.8764
28.8764
28.8767
28.8768
28.8769
28.8773
28.8776
28.8778
28.8782
28.8783
28.8784
28.8786
28.8788
28.8789
28.8789
28.8789
28.879
28.8794
28.8797
28.8797
28.8798
28.8798
28.8798
28.8799
28.88
28.8806
28.8806
28.8807
28.8811
28.8812
28.8814
28.8819
28.882
28.8822
28.8824
28.8824
28.8825
28.8825
28.8827
28.8828
28.8829
28.8832
28.8832
28.8833
28.8833
28.8833
28.8834
28.8835
28.8835
28.8838
28.8839
28.8842
28.8842
28.8842
28.8842
28.8844
28.8845
28.8846
28.8849
28.885
28.8853
28.8855
28.8855
28.8856
28.8857
28.886
28.8861
28.8863
28.8868
28.887
28.8872
28.8878
28.8882
28.8882
28.8882
28.8883
28.8884
28.8884
28.8885
28.8887
28.8891
28.8891
28.8891
28.8891
28.8892
28.8893
28.8893
28.8894
28.8894
28.8897
28.8897
28.8897
28.8899
28.89
28.8901
28.8901
28.8902
28.8903
28.8904
28.8906
28.8907
28.8908
28.8909
28.8909
28.891
28.8911
28.8911
28.8912
28.8913
28.8914
28.8914
28.8914
28.8916
28.8916
28.8917
28.8919
28.892
28.892
28.892
28.8923
28.8924
28.8925
28.8927
28.8928
28.8928
28.893
28.8932
28.8933
28.8935
28.8935
28.8936
28.894
28.894
28.8945
28.8945
28.895
28.8953
28.8954
28.8959
28.8961
28.8961
28.8965
28.8965
28.8967
28.8968
28.8969
28.897
28.8971
28.8971
28.8975
28.8978
28.8979
28.8979
28.898
28.8981
28.8981
28.8981
28.8983
28.8986
28.8988
28.8988
28.8989
28.8993
28.8993
28.8993
28.8996
28.8997
28.8998
28.9
28.9003
28.9003
28.9004
28.9008
28.9008
28.9011
28.9011
28.9012
28.9012
28.9012
28.9012
28.9013
28.9014
28.9014
28.9014
28.9015
28.9016
28.9019
28.902
28.902
28.902
28.9024
28.9025
28.9027
28.9029
28.9031
28.9033
28.9033
28.9034
28.9035
28.9036
28.9037
28.9037
28.904
28.9041
28.9041
28.9043
28.9043
28.9044
28.9044
28.9045
28.9046
28.9047
28.9048
28.9053
28.9054
28.9056
28.9059
28.9061
28.9061
28.9064
28.9064
28.9066
28.9066
28.9069
28.9069
28.907
28.9074
28.9074
28.9075
28.9075
28.9077
28.9077
28.9077
28.9077
28.9082
28.9083
28.9083
28.9084
28.9085
28.9085
28.9085
28.9086
28.9086
28.9093
28.9094
28.9094
28.9094
28.9095
28.9095
28.9096
28.9098
28.9099
28.9101
28.9103
28.9104
28.9105
28.9106
28.9109
28.9109
28.9109
28.911
28.911
28.9111
28.9113
28.9115
28.9116
28.9117
28.9122
28.9122
28.9123
28.9125
28.9126
28.9128
28.9129
28.913
28.9139
28.914
28.914
28.9141
28.9141
28.9142
28.9143
28.9147
28.9148
28.9149
28.915
28.9153
28.9157
28.9157
28.9159
28.9159
28.916
28.916
28.9162
28.9163
28.9163
28.9166
28.9166
28.9167
28.9167
28.9168
28.9168
28.9169
28.917
28.917
28.917
28.9171
28.9172
28.9173
28.9174
28.9175
28.9176
28.9176
28.9177
28.9177
28.9179
28.9179
28.918
28.918
28.9181
28.9182
28.9183
28.9185
28.9185
28.9186
28.9186
28.9187
28.9188
28.919
28.9192
28.9192
28.9195
28.9196
28.9196
28.9196
28.9196
28.9201
28.9202
28.9204
28.9205
28.9206
28.9207
28.9212
28.9215
28.9216
28.9219
28.9219
28.9221
28.9224
28.9224
28.9225
28.9226
28.9227
28.9229
28.9229
28.923
28.923
28.9231
28.9233
28.9233
28.9235
28.9238
28.9238
28.9238
28.9239
28.9242
28.9243
28.9244
28.9245
28.9245
28.9248
28.9249
28.9251
28.9254
28.9255
28.9259
28.926
28.926
28.9261
28.9262
28.9265
28.9265
28.9265
28.9266
28.9266
28.9267
28.9267
28.9267
28.9268
28.9269
28.927
28.927
28.9275
28.9275
28.9278
28.9279
28.9282
28.9282
28.9284
28.9287
28.9287
28.9287
28.9288
28.9289
28.929
28.9291
28.9293
28.9293
28.9294
28.9294
28.9294
28.9294
28.9294
28.9296
28.9298
28.9301
28.9302
28.9304
28.9304
28.9306
28.9307
28.9308
28.9309
28.9309
28.931
28.931
28.9311
28.9311
28.9312
28.9312
28.9314
28.9316
28.9317
28.9319
28.932
28.9321
28.9322
28.9323
28.9325
28.9325
28.9329
28.9329
28.9329
28.933
28.933
28.9331
28.9332
28.9334
28.9335
28.9336
28.9337
28.9338
28.9338
28.9339
28.9341
28.9342
28.9343
28.9343
28.9344
28.9347
28.9348
28.935
28.9351
28.9355
28.9355
28.9355
28.9356
28.9357
28.9357
28.9357
28.9359
28.936
28.9361
28.9365
28.9366
28.9366
28.9367
28.9367
28.9368
28.9368
28.9369
28.9372
28.9373
28.9374
28.9375
28.9376
28.9377
28.9377
28.9377
28.9378
28.9379
28.938
28.9381
28.9381
28.9384
28.9384
28.9386
28.9386
28.9391
28.9392
28.9398
28.9399
28.94
28.9404
28.9404
28.9405
28.9412
28.9414
28.9414
28.9416
28.9416
28.9418
28.9419
28.942
28.9421
28.9421
28.9425
28.9426
28.9431
28.9432
28.9434
28.9434
28.9435
28.9436
28.9438
28.9438
28.9439
28.944
28.944
28.944
28.9443
28.9445
28.9445
28.9446
28.9447
28.9451
28.9451
28.9452
28.9453
28.9456
28.9461
28.9464
28.9465
28.9466
28.9467
28.9468
28.9469
28.947
28.9472
28.9473
28.9473
28.9475
28.9475
28.9475
28.9476
28.9477
28.9483
28.9484
28.9488
28.9492
28.9493
28.9495
28.95
28.9501
28.9504
28.9505
28.9514
28.9515
28.9518
28.952
28.952
28.9521
28.9522
28.9523
28.9523
28.9524
28.9524
28.9524
28.9524
28.9525
28.9525
28.9527
28.9527
28.9527
28.9528
28.9528
28.9535
28.9535
28.9535
28.9536
28.9537
28.9538
28.954
28.9541
28.9543
28.9543
28.9543
28.9543
28.9544
28.9545
28.9545
28.9549
28.9553
28.9554
28.9556
28.9559
28.9561
28.9563
28.9563
28.9564
28.9565
28.9566
28.9567
28.9569
28.9569
28.957
28.957
28.9571
28.9573
28.9574
28.9575
28.9575
28.9576
28.9576
28.9577
28.9579
28.9581
28.9581
28.9582
28.9583
28.9585
28.9585
28.9586
28.9586
28.9587
28.9587
28.9588
28.9589
28.9589
28.9589
28.9589
28.9593
28.9595
28.9597
28.9597
28.9597
28.9604
28.9609
28.961
28.9615
28.9616
28.9617
28.9618
28.962
28.962
28.9623
28.9624
28.9627
28.9627
28.9628
28.9629
28.963
28.963
28.9631
28.9632
28.9634
28.9635
28.9639
28.9641
28.9641
28.9642
28.9643
28.9644
28.9646
28.9646
28.9647
28.9648
28.9649
28.9651
28.9652
28.9655
28.9656
28.9658
28.9659
28.9659
28.966
28.966
28.9661
28.9661
28.9663
28.9663
28.9664
28.9664
28.9664
28.9666
28.9667
28.9667
28.9669
28.967
28.9674
28.9675
28.9675
28.9676
28.9677
28.9678
28.968
28.9686
28.9686
28.9687
28.9687
28.9689
28.9689
28.969
28.9691
28.9691
28.9692
28.9694
28.9696
28.9697
28.9699
28.9699
28.9699
28.97
28.9703
28.9708
28.9709
28.971
28.9712
28.9715
28.9715
28.9718
28.9718
28.9719
28.9721
28.9723
28.9724
28.9726
28.9729
28.9732
28.9732
28.9733
28.9733
28.9735
28.9736
28.9736
28.9738
28.9742
28.9743
28.9745
28.9746
28.9749
28.9751
28.9752
28.9755
28.9758
28.9761
28.9762
28.9764
28.9766
28.9767
28.9767
28.9767
28.9773
28.9773
28.9776
28.9777
28.9777
28.9777
28.9782
28.9783
28.9783
28.9783
28.9784
28.9786
28.9789
28.9789
28.9792
28.9793
28.9795
28.9796
28.9797
28.9798
28.9799
28.9801
28.9802
28.9803
28.9803
28.9803
28.9803
28.9803
28.9805
28.9806
28.9809
28.9813
28.9814
28.9815
28.9816
28.9816
28.9817
28.9817
28.982
28.982
28.9822
28.9823
28.9825
28.9825
28.9827
28.9828
28.983
28.983
28.9831
28.9832
28.9833
28.9834
28.9836
28.9836
28.9838
28.9838
28.9839
28.9841
28.9841
28.9841
28.9843
28.9843
28.9845
28.9847
28.9847
28.9851
28.9851
28.9854
28.9854
28.9857
28.9868
28.9869
28.987
28.9872
28.9873
28.9873
28.9876
28.9878
28.9879
28.9882
28.9882
28.9882
28.9884
28.9886
28.9889
28.989
28.9891
28.9892
28.9893
28.9894
28.9895
28.9896
28.9897
28.9898
28.9901
28.9902
28.9903
28.9903
28.9906
28.9907
28.9908
28.9911
28.9912
28.9913
28.9914
28.9914
28.9916
28.9917
28.9917
28.9919
28.992
28.9921
28.9922
28.9923
28.9924
28.9927
28.9927
28.9928
28.9929
28.9932
28.9932
28.9933
28.9938
28.9943
28.9945
28.9946
28.9946
28.9947
28.9949
28.9949
28.9949
28.995
28.9953
28.9953
28.9956
28.9956
28.9958
28.996
28.9961
28.9961
28.9963
28.9963
28.9963
28.9963
28.9975
28.9977
28.9978
28.9979
28.9979
28.9979
28.998
28.998
28.998
28.9981
28.9982
28.9983
28.9985
28.9986
28.9987
28.9987
28.9988
28.999
28.999
28.9992
28.9993
28.9993
28.9994
28.9997
28.9997
28.9998
29.0001
29.0003
29.0008
29.0008
29.001
29.0012
29.0016
29.0018
29.0021
29.0021
29.0022
29.0024
29.0029
29.0032
29.0032
29.0034
29.0037
29.0037
29.0043
29.0045
29.0046
29.0046
29.0049
29.005
29.005
29.0051
29.0052
29.0052
29.0052
29.0053
29.0053
29.0053
29.0054
29.0055
29.0056
29.006
29.006
29.006
29.0061
29.0061
29.0063
29.0064
29.0064
29.0066
29.0067
29.0069
29.0073
29.0074
29.0074
29.0076
29.0077
29.0077
29.0077
29.0079
29.0083
29.0083
29.0083
29.0084
29.0084
29.0085
29.0085
29.0087
29.0091
29.0093
29.0093
29.0094
29.0095
29.0095
29.0097
29.0098
29.01
29.0104
29.0104
29.0104
29.011
29.011
29.011
29.0112
29.0114
29.0116
29.0117
29.0117
29.012
29.0124
29.0125
29.0126
29.0126
29.0126
29.0126
29.0127
29.013
29.013
29.0131
29.0133
29.0135
29.0135
29.0137
29.0137
29.0139
29.0139
29.014
29.0141
29.0141
29.0142
29.0142
29.0144
29.0145
29.0149
29.0149
29.0153
29.0153
29.0153
29.0158
29.0162
29.0162
29.0163
29.0167
29.0168
29.0168
29.0168
29.0169
29.0171
29.0172
29.0173
29.0174
29.0176
29.0177
29.0178
29.0179
29.0179
29.0179
29.018
29.018
29.018
29.0183
29.0184
29.0184
29.0186
29.0187
29.0188
29.0189
29.0192
29.0195
29.0196
29.0204
29.0205
29.0206
29.0207
29.0207
29.0207
29.0208
29.0212
29.0214
29.0215
29.0218
29.022
29.0221
29.0222
29.0223
29.0225
29.0226
29.0227
29.0228
29.0228
29.023
29.0232
29.0233
29.0233
29.0236
29.0238
29.0239
29.0239
29.024
29.0242
29.0243
29.0244
29.0244
29.0246
29.0248
29.0252
29.0254
29.026
29.026
29.0261
29.0264
29.0264
29.0264
29.0266
29.0268
29.0269
29.027
29.0272
29.0273
29.0273
29.0275
29.0276
29.0276
29.0276
29.0277
29.028
29.0283
29.0284
29.0285
29.0285
29.0287
29.0288
29.0289
29.0289
29.029
29.0291
29.0292
29.0293
29.0293
29.0294
29.0297
29.0298
29.0299
29.03
29.03
29.0301
29.0302
29.0302
29.0304
29.0305
29.0309
29.0311
29.0311
29.0312
29.0312
29.0313
29.0313
29.0315
29.0316
29.0321
29.0323
29.0324
29.0329
29.0332
29.0332
29.0334
29.0335
29.0336
29.0339
29.0342
29.0345
29.0346
29.0351
29.0352
29.0352
29.0353
29.0354
29.0355
29.0356
29.0363
29.0365
29.0371
29.0372
29.0372
29.0373
29.0377
29.0382
29.0382
29.0383
29.0383
29.0384
29.0384
29.0385
29.0387
29.0388
29.0398
29.0399
29.04
29.0402
29.0402
29.0403
29.0407
29.0408
29.0409
29.0412
29.0416
29.0418
29.0419
29.042
29.0421
29.0425
29.0426
29.0426
29.0427
29.0427
29.043
29.0431
29.0431
29.0432
29.0432
29.0433
29.0434
29.0437
29.0437
29.0438
29.0439
29.0447
29.0454
29.0456
29.0463
29.0463
29.0471
29.0472
29.0473
29.0474
29.0476
29.0477
29.0479
29.0481
29.0483
29.0484
29.0488
29.0489
29.049
29.0491
29.0491
29.0492
29.0493
29.0498
29.0498
29.0502
29.0502
29.0502
29.0505
29.0506
29.0506
29.0509
29.051
29.0511
29.0512
29.0513
29.0516
29.0517
29.0519
29.0521
29.0521
29.0523
29.0524
29.0526
29.0527
29.0527
29.0527
29.0537
29.0538
29.0545
29.0548
29.0551
29.0551
29.0554
29.0555
29.0555
29.0556
29.0556
29.0557
29.0562
29.0563
29.0564
29.0564
29.0565
29.0568
29.057
29.0573
29.0575
29.0578
29.0578
29.0579
29.0579
29.0581
29.0583
29.0584
29.0585
29.0586
29.0587
29.0593
29.0596
29.0598
29.0605
29.0608
29.0612
29.0614
29.0615
29.0615
29.0619
29.0619
29.0621
29.0622
29.0623
29.0626
29.0628
29.0631
29.0633
29.0635
29.0635
29.0642
29.0644
29.0647
29.0647
29.0651
29.0653
29.0655
29.0656
29.0659
29.0659
29.0662
29.0663
29.0666
29.0666
29.067
29.0673
29.0674
29.0675
29.0675
29.0676
29.0676
29.0677
29.0679
29.0683
29.0683
29.0689
29.0689
29.0689
29.0691
29.0697
29.0699
29.0699
29.07
29.07
29.0702
29.0703
29.0704
29.0705
29.0709
29.0711
29.0711
29.0711
29.0715
29.0718
29.072
29.0721
29.0721
29.0722
29.0722
29.0725
29.0727
29.0727
29.0727
29.0728
29.0729
29.073
29.0731
29.0732
29.0735
29.0735
29.0736
29.0736
29.0738
29.0742
29.0743
29.0746
29.0746
29.0748
29.0748
29.0751
29.0751
29.0753
29.0754
29.0754
29.0759
29.076
29.0762
29.0765
29.0765
29.0767
29.0767
29.0767
29.0773
29.0782
29.0783
29.0783
29.0786
29.0786
29.0787
29.0788
29.0788
29.0793
29.0794
29.0794
29.0794
29.0795
29.0795
29.0797
29.0799
29.0799
29.08
29.0801
29.0802
29.0803
29.0806
29.0806
29.0807
29.0808
29.0808
29.0808
29.081
29.0811
29.0815
29.0816
29.0819
29.0819
29.0821
29.0822
29.0822
29.0827
29.0828
29.0829
29.0832
29.0832
29.0833
29.0833
29.084
29.0843
29.0848
29.0848
29.0851
29.0853
29.0854
29.0855
29.0855
29.086
29.0861
29.0864
29.0873
29.0877
29.0877
29.0879
29.088
29.088
29.0881
29.0883
29.0888
29.0893
29.0894
29.0897
29.0898
29.0902
29.0902
29.0903
29.0905
29.0906
29.0908
29.0911
29.0912
29.0915
29.0916
29.0918
29.0919
29.0919
29.0923
29.0924
29.0926
29.0927
29.0928
29.0932
29.0932
29.094
29.0941
29.0944
29.0944
29.0947
29.0951
29.0951
29.0953
29.0955
29.0959
29.0961
29.0964
29.0966
29.0969
29.0971
29.0973
29.0973
29.0976
29.0978
29.0978
29.0978
29.098
29.098
29.0982
29.0985
29.0985
29.0991
29.0993
29.0994
29.0996
29.0996
29.0998
29.0999
29.1
29.1002
29.1003
29.1008
29.1008
29.1009
29.1009
29.1012
29.1014
29.1016
29.1018
29.1018
29.1019
29.1019
29.1024
29.1025
29.1025
29.1033
29.1034
29.1035
29.1035
29.1038
29.1038
29.104
29.1041
29.1042
29.1048
29.105
29.105
29.1051
29.1052
29.1054
29.1056
29.1057
29.1062
29.1063
29.1069
29.1071
29.1072
29.1075
29.1081
29.1081
29.1082
29.1083
29.1089
29.1089
29.1089
29.109
29.109
29.1091
29.1096
29.1097
29.11
29.1101
29.1104
29.1105
29.1106
29.1108
29.111
29.111
29.111
29.111
29.1111
29.1115
29.1115
29.1117
29.112
29.1122
29.1123
29.1127
29.1129
29.113
29.1132
29.1132
29.1137
29.1137
29.1138
29.1138
29.1139
29.1141
29.1142
29.1142
29.1143
29.1147
29.1158
29.1159
29.1161
29.1162
29.1162
29.1163
29.1169
29.117
29.117
29.1172
29.1173
29.1174
29.1177
29.1177
29.1182
29.1184
29.119
29.1193
29.1194
29.1196
29.1198
29.1201
29.1204
29.1204
29.1209
29.1212
29.1217
29.1217
29.1219
29.1221
29.1224
29.1225
29.1231
29.1232
29.1232
29.1232
29.1235
29.1241
29.1244
29.1245
29.1249
29.1252
29.1254
29.1254
29.1255
29.1256
29.1258
29.1268
29.1269
29.1271
29.1272
29.1274
29.1274
29.1278
29.1279
29.1282
29.1287
29.1287
29.129
29.1295
29.1301
29.1305
29.1308
29.1312
29.1314
29.1316
29.1317
29.1321
29.1321
29.1322
29.1323
29.1324
29.1325
29.1326
29.1327
29.133
29.1333
29.1335
29.1336
29.1336
29.1338
29.1339
29.1351
29.1354
29.1355
29.1356
29.1356
29.1358
29.1358
29.136
29.1361
29.1362
29.1366
29.1369
29.1369
29.1372
29.1373
29.1375
29.1377
29.1378
29.1386
29.139
29.1391
29.1395
29.1397
29.1399
29.1402
29.1405
29.1407
29.141
29.141
29.141
29.1413
29.1415
29.1417
29.1417
29.1421
29.1423
29.1426
29.1427
29.1428
29.1428
29.1429
29.1431
29.1432
29.1434
29.1437
29.1439
29.1439
29.1441
29.1441
29.1442
29.1442
29.1451
29.1451
29.1454
29.1454
29.1457
29.1458
29.1463
29.1465
29.1466
29.1469
29.1472
29.1475
29.1475
29.1477
29.1479
29.148
29.1482
29.1486
29.1486
29.149
29.1492
29.1496
29.1498
29.15
29.1501
29.1506
29.1508
29.1508
29.1509
29.151
29.1512
29.1512
29.1516
29.1517
29.1517
29.1526
29.1527
29.1528
29.153
29.153
29.1532
29.1535
29.1537
29.1539
29.154
29.1544
29.1545
29.1545
29.155
29.1554
29.1555
29.1557
29.1558
29.1558
29.1561
29.1563
29.1567
29.1567
29.1573
29.1577
29.158
29.1582
29.1583
29.1592
29.1594
29.1598
29.16
29.1601
29.1609
29.1609
29.1617
29.1623
29.1629
29.1635
29.1636
29.1636
29.1641
29.1641
29.1649
29.1658
29.1658
29.1661
29.1667
29.1667
29.1671
29.1673
29.1673
29.1683
29.1691
29.1693
29.1695
29.1697
29.1702
29.1703
29.1703
29.1704
29.1705
29.1708
29.1708
29.1709
29.1712
29.1713
29.1714
29.1715
29.1715
29.1716
29.1717
29.172
29.1721
29.1723
29.1726
29.1731
29.1735
29.1735
29.1737
29.1739
29.1739
29.1742
29.1742
29.1743
29.1744
29.1745
29.1749
29.175
29.1759
29.1759
29.1762
29.1774
29.1775
29.1776
29.178
29.1781
29.1782
29.1782
29.1785
29.1787
29.179
29.1791
29.1797
29.18
29.1803
29.1812
29.1812
29.1815
29.1817
29.1819
29.182
29.182
29.1822
29.1824
29.1826
29.1826
29.1833
29.1834
29.1835
29.1836
29.1839
29.1841
29.1844
29.1845
29.1846
29.1847
29.1852
29.1857
29.1857
29.1861
29.1862
29.1863
29.1863
29.1863
29.1864
29.1865
29.1869
29.1871
29.1873
29.1875
29.1875
29.1877
29.1877
29.1878
29.1899
29.1902
29.1903
29.1912
29.1916
29.1917
29.1918
29.192
29.1921
29.1921
29.1927
29.1928
29.1928
29.1929
29.1931
29.1937
29.1937
29.1937
29.1941
29.1941
29.1943
29.1955
29.1956
29.1957
29.1957
29.1958
29.196
29.196
29.1966
29.1967
29.1974
29.1974
29.1978
29.1982
29.1995
29.1996
29.1997
29.1999
29.2001
29.2004
29.2005
29.2011
29.2012
29.2016
29.2016
29.2017
29.2019
29.2023
29.2029
29.2031
29.2038
29.2041
29.2041
29.2046
29.2049
29.2051
29.2054
29.2055
29.2058
29.2063
29.2066
29.2067
29.2074
29.2074
29.2075
29.2078
29.208
29.2085
29.2085
29.2087
29.209
29.2095
29.2096
29.2106
29.2109
29.211
29.2113
29.2123
29.2126
29.2128
29.2132
29.2132
29.2135
29.2136
29.2144
29.2147
29.2148
29.2163
29.2163
29.2164
29.2164
29.2171
29.2173
29.2173
29.2178
29.2182
29.2183
29.2185
29.2186
29.2186
29.2188
29.2188
29.2191
29.2192
29.2202
29.2207
29.2209
29.2209
29.2216
29.2217
29.222
29.2224
29.2226
29.2228
29.2229
29.223
29.2233
29.2233
29.2235
29.2242
29.2242
29.2248
29.225
29.2258
29.2258
29.226
29.2261
29.2262
29.2263
29.2271
29.2272
29.2272
29.2284
29.2287
29.2291
29.2295
29.2298
29.23
29.2301
29.2306
29.2308
29.2309
29.2317
29.2319
29.2333
29.2337
29.2347
29.2351
29.2353
29.2355
29.2358
29.236
29.2362
29.2362
29.2365
29.2366
29.2367
29.2369
29.2378
29.2379
29.238
29.2381
29.2384
29.2384
29.2391
29.2393
29.2393
29.2397
29.2399
29.2401
29.2403
29.2408
29.2408
29.2414
29.2418
29.2419
29.2425
29.2436
29.2443
29.2444
29.2454
29.2462
29.2462
29.2465
29.2467
29.2469
29.2478
29.2487
29.2491
29.2494
29.2506
29.2506
29.2517
29.2525
29.2527
29.2546
29.255
29.2555
29.2557
29.257
29.2575
29.2575
29.2577
29.2581
29.2582
29.259
29.2591
29.2591
29.2594
29.2594
29.2598
29.2599
29.2606
29.2606
29.2607
29.2611
29.2613
29.2621
29.2621
29.2624
29.2632
29.2634
29.2642
29.2644
29.2646
29.2647
29.2657
29.2668
29.2671
29.2676
29.2678
29.2681
29.2682
29.2683
29.2685
29.2689
29.2691
29.2694
29.2696
29.2698
29.2715
29.2731
29.2738
29.2744
29.2749
29.2752
29.2756
29.2756
29.277
29.2771
29.2775
29.2775
29.2775
29.2781
29.2781
29.279
29.2802
29.2802
29.2803
29.2806
29.281
29.2811
29.2812
29.282
29.2822
29.2822
29.2839
29.2858
29.2864
29.2865
29.2866
29.2871
29.2876
29.2882
29.2892
29.2897
29.2901
29.2909
29.2916
29.2917
29.2918
29.2918
29.2918
29.2926
29.2931
29.2932
29.2932
29.295
29.2954
29.2959
29.2962
29.2969
29.297
29.2975
29.2978
29.2982
29.2986
29.2989
29.299
29.3007
29.3023
29.3026
29.3032
29.3034
29.3041
29.3045
29.3053
29.3054
29.306
29.3067
29.3067
29.3071
29.3071
29.3072
29.3072
29.3083
29.3087
29.3109
29.3115
29.3117
29.3119
29.3124
29.3126
29.3127
29.3131
29.3133
29.3146
29.315
29.3154
29.3155
29.3164
29.3167
29.3169
29.3172
29.3173
29.3175
29.3179
29.3181
29.3182
29.3186
29.3191
29.3193
29.3213
29.3219
29.3222
29.3223
29.3224
29.3226
29.3226
29.3234
29.3238
29.3238
29.324
29.3259
29.3259
29.3264
29.3282
29.329
29.3292
29.3305
29.3312
29.332
29.3322
29.3331
29.3333
29.3347
29.3348
29.3349
29.335
29.3355
29.3365
29.3368
29.3375
29.3425
29.3427
29.3428
29.3441
29.3442
29.3453
29.3496
29.3514
29.3518
29.3525
29.353
29.353
29.3538
29.354
29.3545
29.3547
29.3547
29.3551
29.3556
29.3573
29.3588
29.3609
29.3615
29.3626
29.3633
29.3633
29.3634
29.3638
29.3645
29.3651
29.3673
29.3677
29.3713
29.3718
29.3761
29.3764
29.3767
29.3773
29.3777
29.3782
29.3805
29.381
29.3813
29.3815
29.3816
29.3817
29.3823
29.3825
29.387
29.3895
29.39
29.3911
29.392
29.3934
29.3939
29.3949
29.3961
29.3962
29.3962
29.3962
29.3974
29.3977
29.3984
29.3996
29.4005
29.4007
29.401
29.4012
29.4013
29.4014
29.4043
29.4043
29.4053
29.4065
29.4073
29.4077
29.4082
29.4082
29.4089
29.4095
29.4114
29.4131
29.4153
29.4174
29.4181
29.4206
29.4225
29.4236
29.4275
29.4301
29.4335
29.4367
29.438
29.439
29.4396
29.4424
29.4427
29.4434
29.4438
29.444
29.4464
29.4482
29.449
29.4491
29.4506
29.4512
29.452
29.4529
29.453
29.4532
29.4599
29.4606
29.4619
29.4647
29.4653
29.4669
29.4671
29.4676
29.4713
29.474
29.4846
29.4883
29.4887
29.4927
29.4946
29.497
29.5003
29.503
29.5034
29.5065
29.5082
29.509
29.5096
29.5263
29.5281
29.5298
29.5305
29.5358
29.5378
29.547
29.5478
29.5482
29.5512
29.5552
29.5578
29.5593
29.5597
29.5635
29.5735
29.5738
29.5831
29.5862
29.5898
29.5906
29.5987
29.6113
29.6179
29.6243
29.6327
29.6525
29.6545
29.6607
29.6904
29.6957
29.7178
29.7331
