2.09752
2.18084
2.21235
2.21293
2.21833
2.22681
2.23664
2.23785
2.2475
2.25699
2.25922
2.25968
2.26364
2.26993
2.2709
2.2721
2.27462
2.27699
2.28421
2.28965
2.29089
2.29122
2.29846
2.30792
2.30897
2.31112
2.31299
2.31413
2.32262
2.32401
2.32481
2.33665
2.33683
2.34004
2.34519
2.34528
2.34805
2.34867
2.35155
2.35177
2.3574
2.35878
2.35992
2.36291
2.36671
2.36702
2.36731
2.36741
2.36755
2.36896
2.3696
2.36988
2.37235
2.37308
2.37992
2.38006
2.38023
2.38031
2.38208
2.38404
2.38411
2.38424
2.38612
2.3897
2.38971
2.39121
2.39134
2.39145
2.39291
2.3941
2.39417
2.39534
2.39771
2.39891
2.39894
2.4
2.40036
2.40231
2.40255
2.40277
2.40284
2.40284
2.40702
2.40787
2.40897
2.41126
2.41225
2.41339
2.41401
2.41727
2.41741
2.41836
2.41942
2.41967
2.42067
2.42155
2.42338
2.42401
2.42691
2.42791
2.42887
2.42928
2.42981
2.43226
2.43745
2.43836
2.44094
2.44116
2.44436
2.44481
2.44539
2.44591
2.44739
2.44759
2.44838
2.44987
2.4501
2.45072
2.45151
2.453
2.45337
2.45461
2.45769
2.45786
2.45808
2.45842
2.45894
2.46065
2.46086
2.46169
2.46198
2.46243
2.46391
2.46394
2.4645
2.46484
2.46532
2.46565
2.46592
2.46645
2.46684
2.46853
2.46953
2.47001
2.4703
2.47035
2.47072
2.47083
2.47131
2.47265
2.47269
2.47274
2.47281
2.47283
2.47348
2.47381
2.47381
2.47394
2.47416
2.47451
2.47476
2.47495
2.4755
2.47558
2.4761
2.47653
2.47871
2.47893
2.47937
2.47949
2.48094
2.48121
2.48177
2.48178
2.48256
2.48277
2.48333
2.48377
2.4851
2.48583
2.48594
2.48758
2.48793
2.48801
2.48806
2.48838
2.48846
2.48894
2.48922
2.48941
2.48957
2.49085
2.49126
2.49207
2.49314
2.49314
2.49324
2.49474
2.49596
2.49659
2.49691
2.49788
2.498
2.49853
2.4993
2.4995
2.49989
2.49999
2.50016
2.50053
2.50068
2.50141
2.50159
2.50214
2.50239
2.50246
2.50455
2.50481
2.505
2.50672
2.50711
2.50747
2.50763
2.50823
2.50853
2.50854
2.50897
2.50924
2.50939
2.51017
2.51096
2.51246
2.51371
2.51413
2.51418
2.51439
2.51462
2.51547
2.51607
2.51699
2.51727
2.51746
2.51805
2.51856
2.51859
2.52
2.52035
2.52066
2.52114
2.5214
2.52173
2.522
2.52283
2.52356
2.5243
2.5248
2.52515
2.52542
2.52555
2.52569
2.52585
2.52632
2.52667
2.52696
2.52766
2.52789
2.52796
2.52803
2.52805
2.52836
2.52853
2.53007
2.53021
2.53116
2.53215
2.5327
2.53311
2.53328
2.53412
2.53415
2.53434
2.53441
2.53464
2.53621
2.53665
2.53688
2.53707
2.53729
2.53801
2.53808
2.53827
2.53831
2.53908
2.5396
2.53967
2.53998
2.54057
2.54205
2.54208
2.5421
2.54218
2.54331
2.54331
2.54381
2.54392
2.544
2.54402
2.54437
2.54558
2.54605
2.54606
2.54633
2.54651
2.54676
2.54679
2.54711
2.54767
2.54779
2.54808
2.54844
2.54964
2.54977
2.55073
2.55126
2.55217
2.5522
2.5524
2.55293
2.5531
2.55355
2.55384
2.55385
2.55408
2.55422
2.55445
2.55457
2.55525
2.55552
2.5557
2.55612
2.55699
2.55705
2.55716
2.55744
2.55766
2.55769
2.55806
2.55872
2.55936
2.55953
2.56011
2.56062
2.56065
2.56084
2.56109
2.56123
2.56127
2.56133
2.56167
2.56198
2.56236
2.56242
2.56315
2.56321
2.56343
2.56524
2.56532
2.56548
2.56774
2.56824
2.56825
2.56836
2.56852
2.56872
2.56912
2.56944
2.56945
2.56976
2.57094
2.57113
2.57145
2.57146
2.57153
2.57157
2.57178
2.57212
2.57233
2.57265
2.57328
2.57351
2.57412
2.57533
2.57598
2.57603
2.57655
2.57668
2.57673
2.57767
2.57781
2.5779
2.57892
2.58044
2.5807
2.58131
2.58282
2.583
2.58308
2.58327
2.58339
2.58434
2.58453
2.58537
2.58594
2.58597
2.58643
2.5866
2.58723
2.58747
2.5879
2.58831
2.58862
2.58902
2.5902
2.59049
2.59058
2.59084
2.59093
2.59149
2.59182
2.59222
2.5925
2.59267
2.59289
2.59329
2.59367
2.59368
2.594
2.5943
2.59499
2.59576
2.59588
2.59647
2.5965
2.59724
2.59726
2.59751
2.59768
2.59881
2.59895
2.59898
2.59901
2.59908
2.59934
2.59941
2.59943
2.59946
2.59989
2.59993
2.6002
2.60053
2.60068
2.60087
2.60106
2.60141
2.60141
2.60152
2.60158
2.60174
2.60185
2.60196
2.60232
2.60282
2.6029
2.60349
2.6039
2.60492
2.60549
2.60558
2.60592
2.60689
2.60703
2.6073
2.60745
2.60763
2.60771
2.60776
2.60818
2.60819
2.60827
2.6084
2.60842
2.60844
2.6086
2.60863
2.6088
2.60883
2.60893
2.60903
2.60927
2.60928
2.60959
2.60962
2.60964
2.60988
2.61009
2.61013
2.61032
2.61096
2.61114
2.61172
2.61178
2.61186
2.61241
2.61252
2.61264
2.61285
2.61314
2.61331
2.61331
2.61339
2.61389
2.61391
2.61392
2.61397
2.61413
2.6144
2.61454
2.61502
2.61534
2.61536
2.61554
2.61564
2.61594
2.61602
2.61684
2.61686
2.6169
2.61771
2.61799
2.618
2.6182
2.61825
2.6184
2.61857
2.61859
2.61862
2.61866
2.62057
2.62106
2.62149
2.62151
2.62152
2.62185
2.62235
2.62236
2.62285
2.62303
2.62377
2.62445
2.6246
2.6247
2.62506
2.62534
2.62553
2.62559
2.62596
2.62606
2.62658
2.62659
2.62668
2.62699
2.6272
2.62735
2.62767
2.62788
2.62802
2.62876
2.62895
2.629
2.62913
2.62924
2.62952
2.62969
2.63004
2.63018
2.63055
2.63062
2.63068
2.63075
2.63076
2.63084
2.63106
2.6311
2.63137
2.63221
2.63248
2.6325
2.63274
2.63309
2.63309
2.63342
2.63346
2.63374
2.63397
2.63431
2.63438
2.63452
2.63473
2.63554
2.63606
2.63628
2.63635
2.63661
2.63748
2.6376
2.63766
2.63783
2.6383
2.63896
2.63951
2.6399
2.63994
2.64032
2.64043
2.64047
2.64047
2.64067
2.64071
2.64092
2.64094
2.64098
2.6411
2.64118
2.64149
2.64181
2.64193
2.64196
2.64247
2.64272
2.64276
2.64286
2.64287
2.64326
2.64456
2.64458
2.6446
2.64476
2.64485
2.64489
2.64517
2.64521
2.64559
2.64565
2.64584
2.6463
2.64689
2.64708
2.64768
2.64774
2.64775
2.64856
2.64868
2.64879
2.6492
2.64931
2.64953
2.64999
2.65029
2.65051
2.65063
2.65077
2.65088
2.65096
2.65097
2.6512
2.65136
2.65152
2.65174
2.65204
2.65222
2.65262
2.65264
2.65271
2.65284
2.65304
2.65335
2.6534
2.65356
2.65361
2.65364
2.65399
2.65405
2.65408
2.65521
2.65551
2.6556
2.65582
2.65609
2.65611
2.65667
2.65675
2.65682
2.65688
2.65698
2.65706
2.6575
2.65759
2.65766
2.65823
2.65857
2.65866
2.65882
2.65941
2.65974
2.65982
2.66002
2.66012
2.66025
2.6603
2.66049
2.66049
2.66137
2.66142
2.66183
2.66184
2.66208
2.66221
2.66237
2.66237
2.66243
2.66248
2.66259
2.66277
2.6628
2.66295
2.66343
2.66361
2.66373
2.6649
2.66535
2.66553
2.66565
2.66568
2.66568
2.66573
2.66587
2.66595
2.66597
2.66598
2.66601
2.66608
2.66641
2.66727
2.66749
2.66788
2.66789
2.66856
2.66859
2.66867
2.66876
2.6694
2.66946
2.6698
2.67005
2.67017
2.67021
2.67059
2.67075
2.67085
2.67095
2.67102
2.6719
2.67211
2.67288
2.673
2.67319
2.67341
2.6735
2.67356
2.6736
2.67363
2.67394
2.6742
2.67427
2.67437
2.67439
2.67485
2.67502
2.67503
2.67563
2.67601
2.67617
2.67627
2.67644
2.67699
2.67709
2.67743
2.67754
2.67761
2.67773
2.67779
2.67805
2.67812
2.6782
2.6783
2.67848
2.67849
2.67854
2.67957
2.67985
2.68028
2.68034
2.68051
2.68062
2.68116
2.68122
2.68132
2.68153
2.68279
2.6829
2.68301
2.68306
2.68432
2.68433
2.68465
2.68488
2.68514
2.68543
2.68569
2.68619
2.68627
2.68649
2.68676
2.68688
2.68722
2.68733
2.68765
2.68775
2.68818
2.68828
2.68887
2.689
2.68962
2.68967
2.68968
2.68974
2.6899
2.69029
2.69047
2.69094
2.69158
2.69173
2.69173
2.69214
2.69221
2.69229
2.6925
2.69255
2.69271
2.69291
2.69294
2.69296
2.69298
2.69318
2.69332
2.69339
2.69346
2.69359
2.69361
2.69384
2.69411
2.69422
2.69428
2.69445
2.69453
2.69469
2.6948
2.6949
2.69517
2.69528
2.69564
2.69565
2.69578
2.69627
2.69654
2.69655
2.69669
2.69689
2.69696
2.69705
2.69763
2.69781
2.69794
2.69802
2.69811
2.69827
2.69843
2.69853
2.69893
2.69895
2.69896
2.69907
2.69918
2.69941
2.69967
2.70002
2.70016
2.70064
2.70071
2.70072
2.70085
2.70094
2.70097
2.70136
2.70151
2.702
2.70225
2.70244
2.70271
2.70282
2.703
2.70311
2.70324
2.70338
2.70347
2.70414
2.70425
2.70433
2.70461
2.70473
2.70495
2.70498
2.70512
2.70545
2.70583
2.70614
2.70622
2.70635
2.70636
2.70651
2.7067
2.70674
2.70715
2.70715
2.70725
2.70728
2.70739
2.70778
2.70794
2.70798
2.70808
2.70815
2.70815
2.70828
2.70849
2.70931
2.70953
2.70973
2.71002
2.71066
2.71094
2.71102
2.71105
2.71136
2.7114
2.71194
2.71207
2.71214
2.71218
2.7122
2.71226
2.71238
2.71245
2.7125
2.71289
2.71294
2.71298
2.71298
2.71372
2.71381
2.71386
2.71395
2.71437
2.7144
2.71442
2.71447
2.7145
2.71492
2.71508
2.71535
2.71556
2.71556
2.71575
2.71617
2.71624
2.71628
2.71689
2.71699
2.71739
2.71774
2.71776
2.71777
2.71779
2.71786
2.71792
2.71797
2.71807
2.71826
2.71856
2.71857
2.71889
2.71911
2.71912
2.71919
2.71926
2.71926
2.71931
2.71999
2.72055
2.72062
2.72066
2.7207
2.72071
2.72077
2.7209
2.72092
2.72103
2.72108
2.72117
2.72139
2.72181
2.72185
2.72256
2.72277
2.72285
2.72285
2.72291
2.72305
2.72307
2.72308
2.72328
2.72331
2.72368
2.72369
2.72411
2.72457
2.72468
2.72479
2.72493
2.72515
2.72532
2.72589
2.72596
2.7261
2.72634
2.72647
2.72657
2.72661
2.72681
2.72715
2.72718
2.72733
2.72746
2.72768
2.72776
2.72795
2.72795
2.72839
2.72879
2.72886
2.729
2.72922
2.72926
2.72945
2.72946
2.72955
2.72984
2.72986
2.72999
2.73001
2.73009
2.73033
2.73075
2.73091
2.73109
2.73111
2.73125
2.73143
2.73153
2.73204
2.73264
2.73264
2.73272
2.73281
2.73297
2.73298
2.7332
2.73328
2.73335
2.73336
2.73353
2.73355
2.73394
2.73401
2.73412
2.73417
2.73422
2.7343
2.73433
2.73444
2.73459
2.73477
2.73487
2.73491
2.7352
2.73525
2.73533
2.73534
2.73544
2.73558
2.73583
2.73606
2.7361
2.7362
2.73626
2.73648
2.73657
2.73666
2.73674
2.73707
2.73726
2.73786
2.73798
2.73819
2.7385
2.73882
2.73894
2.7392
2.73927
2.73929
2.73939
2.73965
2.73971
2.73971
2.73975
2.74012
2.74013
2.74015
2.74019
2.74023
2.74028
2.74044
2.74071
2.74111
2.74121
2.74128
2.74134
2.74181
2.74233
2.74239
2.74241
2.74245
2.74267
2.74295
2.74353
2.74378
2.74385
2.74393
2.74407
2.7442
2.74489
2.74491
2.74491
2.74531
2.74531
2.74618
2.74621
2.74625
2.74632
2.74649
2.74657
2.74676
2.74689
2.74709
2.74712
2.7473
2.7473
2.74751
2.74765
2.74767
2.74808
2.7481
2.74819
2.74822
2.74823
2.74858
2.74869
2.74889
2.74918
2.74942
2.74984
2.74992
2.75014
2.75026
2.75064
2.75071
2.75088
2.75089
2.75098
2.75106
2.75115
2.75128
2.75134
2.75158
2.75217
2.75231
2.75245
2.75266
2.75289
2.75291
2.75325
2.75343
2.75359
2.75375
2.75391
2.75403
2.75406
2.75479
2.75493
2.75522
2.75559
2.75593
2.75607
2.7561
2.75639
2.75651
2.75668
2.75668
2.75672
2.75673
2.75674
2.75689
2.75689
2.75705
2.75709
2.75721
2.75738
2.75739
2.75757
2.75777
2.75791
2.75797
2.75805
2.75817
2.75846
2.75892
2.75892
2.75907
2.75913
2.75954
2.75957
2.75963
2.75969
2.76008
2.7601
2.76013
2.76017
2.76051
2.76058
2.76059
2.76061
2.76066
2.76114
2.76146
2.76152
2.76223
2.76242
2.76265
2.76268
2.76289
2.76311
2.76317
2.76319
2.76331
2.76338
2.76366
2.76379
2.76396
2.76408
2.76416
2.76416
2.76428
2.7643
2.76432
2.76476
2.76485
2.76487
2.76487
2.76516
2.76541
2.76556
2.76597
2.766
2.76608
2.76608
2.76618
2.76658
2.76661
2.76661
2.7667
2.76693
2.76698
2.76721
2.76738
2.76754
2.76765
2.76771
2.76771
2.76813
2.76817
2.76842
2.76876
2.76886
2.76889
2.76905
2.76909
2.76923
2.76925
2.76984
2.76989
2.77003
2.77006
2.77009
2.77011
2.77019
2.77039
2.77045
2.77084
2.77094
2.77106
2.77145
2.77205
2.77242
2.7727
2.77289
2.77296
2.77296
2.77306
2.77317
2.77332
2.77365
2.77373
2.77391
2.77418
2.77421
2.77437
2.77438
2.77439
2.77446
2.7745
2.77465
2.77496
2.775
2.77503
2.77504
2.77509
2.77515
2.77521
2.77537
2.77545
2.77557
2.77567
2.7757
2.77584
2.77585
2.77606
2.77619
2.77634
2.77712
2.77775
2.77807
2.77814
2.77815
2.77824
2.77868
2.77915
2.77921
2.77971
2.78008
2.7801
2.78013
2.78014
2.78029
2.7805
2.7805
2.78059
2.78073
2.78075
2.78105
2.78112
2.78144
2.78152
2.78157
2.78257
2.78257
2.78261
2.78306
2.78318
2.78319
2.78321
2.78324
2.78359
2.78368
2.78369
2.78384
2.78395
2.78398
2.7841
2.78461
2.78468
2.78487
2.78519
2.78528
2.78531
2.78544
2.78555
2.7857
2.78571
2.78582
2.78608
2.78615
2.78665
2.78676
2.78698
2.78708
2.78722
2.78737
2.7874
2.78744
2.78747
2.7875
2.78767
2.78776
2.78791
2.78811
2.78852
2.78853
2.78864
2.78873
2.78876
2.78895
2.78895
2.78904
2.78979
2.78994
2.78994
2.79026
2.79037
2.79038
2.7904
2.7905
2.79051
2.79052
2.79056
2.79061
2.79069
2.79107
2.79155
2.79184
2.79186
2.79204
2.79221
2.79228
2.79247
2.79257
2.79266
2.79278
2.79299
2.79313
2.79343
2.79344
2.79347
2.79348
2.79383
2.79385
2.79408
2.79438
2.79472
2.79474
2.79486
2.7949
2.79492
2.79499
2.79513
2.79521
2.79538
2.79546
2.79563
2.79571
2.79573
2.79586
2.79618
2.79639
2.79687
2.79715
2.79724
2.7974
2.79751
2.79763
2.79786
2.79849
2.79871
2.79871
2.79872
2.79889
2.7994
2.79944
2.79945
2.79947
2.79958
2.7998
2.80033
2.80039
2.80075
2.80076
2.80128
2.80142
2.80146
2.80148
2.80166
2.80176
2.80197
2.8024
2.80242
2.80245
2.80251
2.80287
2.80295
2.80308
2.80361
2.80361
2.80366
2.80368
2.80375
2.80385
2.80401
2.80403
2.8042
2.80424
2.80425
2.80444
2.80454
2.80458
2.80459
2.80496
2.80498
2.80512
2.80572
2.80593
2.80617
2.80621
2.80626
2.80627
2.80675
2.80686
2.807
2.80754
2.80767
2.80788
2.80812
2.80813
2.80814
2.80832
2.80842
2.80848
2.80858
2.8091
2.80914
2.8092
2.8094
2.80962
2.80968
2.80976
2.80977
2.80991
2.80998
2.80998
2.81012
2.81014
2.81015
2.81015
2.81046
2.81046
2.81052
2.81056
2.81069
2.81085
2.81086
2.81086
2.81097
2.81169
2.81191
2.81203
2.81212
2.81218
2.8124
2.81242
2.81252
2.81287
2.81309
2.81329
2.81331
2.8136
2.81371
2.8138
2.8138
2.81394
2.81425
2.81436
2.81447
2.81449
2.81451
2.81469
2.81472
2.81485
2.81493
2.81498
2.81514
2.81515
2.81572
2.81582
2.81584
2.81591
2.81599
2.81601
2.81608
2.8162
2.81633
2.81634
2.8164
2.81657
2.8166
2.81661
2.8167
2.81695
2.81707
2.81722
2.81742
2.81742
2.81749
2.81751
2.81777
2.81794
2.81805
2.8181
2.81816
2.81819
2.81824
2.81866
2.8187
2.81884
2.81899
2.81905
2.81919
2.81921
2.81953
2.81972
2.81987
2.81996
2.81998
2.82005
2.82024
2.82058
2.82071
2.82073
2.82076
2.82085
2.82099
2.82114
2.82122
2.82145
2.82161
2.82174
2.82176
2.82184
2.82192
2.82195
2.82195
2.82197
2.82205
2.8222
2.82245
2.82256
2.82264
2.82285
2.8229
2.823
2.8231
2.82316
2.82319
2.82347
2.82352
2.82363
2.82369
2.8237
2.82394
2.82403
2.82406
2.82415
2.8242
2.82436
2.82454
2.82469
2.82471
2.82483
2.82516
2.82516
2.82523
2.82529
2.82533
2.82545
2.82551
2.82558
2.82578
2.82581
2.82585
2.82593
2.82602
2.82604
2.82617
2.82622
2.82631
2.82637
2.82642
2.82644
2.82649
2.82654
2.82663
2.82685
2.82699
2.82706
2.82711
2.82732
2.82753
2.82767
2.82772
2.82773
2.82786
2.82816
2.82833
2.82837
2.82851
2.82859
2.82861
2.82865
2.82881
2.82896
2.82898
2.829
2.82951
2.82957
2.82961
2.82992
2.82995
2.83001
2.83002
2.83007
2.83023
2.83068
2.83075
2.83089
2.831
2.83112
2.83113
2.83116
2.83142
2.83156
2.83156
2.83166
2.83178
2.83183
2.83222
2.83226
2.83237
2.83238
2.83254
2.83267
2.83299
2.83316
2.83327
2.83341
2.8335
2.83378
2.83396
2.83403
2.83403
2.83412
2.83424
2.83496
2.83509
2.8351
2.83537
2.83586
2.83605
2.83642
2.83672
2.83675
2.83703
2.83728
2.83745
2.83746
2.83749
2.83762
2.83764
2.83766
2.83791
2.83802
2.83823
2.83824
2.83864
2.83903
2.83905
2.83922
2.83933
2.83933
2.83941
2.83942
2.83981
2.83989
2.83991
2.84004
2.84011
2.8402
2.84024
2.84025
2.84035
2.84056
2.84079
2.84088
2.84089
2.84119
2.84123
2.84133
2.84138
2.84141
2.84145
2.84157
2.84186
2.84237
2.84239
2.84276
2.84283
2.84334
2.84364
2.84375
2.84376
2.844
2.84401
2.84406
2.84409
2.84433
2.84436
2.84458
2.8446
2.84473
2.84492
2.84493
2.84499
2.84504
2.84516
2.84524
2.84536
2.84545
2.84548
2.84578
2.84616
2.84617
2.84617
2.84619
2.84622
2.84652
2.84653
2.84667
2.84677
2.84683
2.84699
2.847
2.84708
2.84726
2.84749
2.8476
2.84763
2.84772
2.84799
2.84823
2.84825
2.84839
2.8484
2.84861
2.84873
2.84955
2.84965
2.84985
2.84991
2.85007
2.85042
2.85049
2.85057
2.85079
2.85093
2.85108
2.85132
2.85158
2.85161
2.85177
2.85195
2.85227
2.85234
2.85236
2.8525
2.85263
2.85271
2.85285
2.85301
2.85313
2.85321
2.85335
2.85367
2.8537
2.85382
2.85388
2.85388
2.85404
2.85429
2.85448
2.85453
2.8546
2.85476
2.85478
2.85489
2.855
2.85503
2.85548
2.85572
2.85585
2.85586
2.85587
2.85597
2.85601
2.85629
2.85632
2.8564
2.85651
2.8566
2.85665
2.8567
2.85701
2.85706
2.85715
2.8574
2.85741
2.85755
2.85756
2.85764
2.85776
2.85787
2.85803
2.85804
2.85806
2.8584
2.85842
2.85847
2.85853
2.85858
2.8586
2.85865
2.85874
2.85879
2.85898
2.85899
2.85901
2.85901
2.85902
2.85909
2.85917
2.85983
2.85988
2.86004
2.86004
2.86006
2.86014
2.86019
2.86034
2.86037
2.86048
2.86054
2.86059
2.86075
2.86076
2.86105
2.86106
2.86106
2.86116
2.86176
2.86179
2.86181
2.86187
2.86236
2.86247
2.86266
2.86273
2.86277
2.86279
2.86282
2.86286
2.86305
2.86334
2.86343
2.86365
2.86371
2.86373
2.86378
2.86419
2.86433
2.86433
2.86434
2.86442
2.86443
2.86467
2.86468
2.86489
2.86508
2.86523
2.86525
2.86529
2.86529
2.86548
2.86549
2.86577
2.86594
2.86611
2.86642
2.86652
2.86659
2.86662
2.86673
2.8668
2.86688
2.8669
2.86799
2.86804
2.86806
2.86814
2.86817
2.86845
2.86863
2.86869
2.8687
2.86873
2.8688
2.86897
2.86904
2.86915
2.86924
2.86938
2.86956
2.86957
2.86958
2.86963
2.86987
2.86988
2.8702
2.87056
2.87089
2.87104
2.87108
2.87122
2.87125
2.87136
2.87138
2.87154
2.87162
2.87163
2.87169
2.87173
2.87206
2.87266
2.87291
2.87298
2.87303
2.87311
2.87322
2.87354
2.87375
2.87397
2.87398
2.87411
2.87411
2.87418
2.87423
2.87426
2.8743
2.8744
2.87457
2.87466
2.87469
2.87469
2.87475
2.87491
2.87495
2.87498
2.87502
2.87504
2.87505
2.87507
2.87511
2.87526
2.87549
2.87562
2.87576
2.87613
2.87614
2.87618
2.87638
2.87651
2.87653
2.87653
2.87657
2.87658
2.87672
2.87702
2.87703
2.87715
2.87725
2.87728
2.87748
2.87749
2.87759
2.87763
2.87819
2.87847
2.87855
2.8786
2.8788
2.87887
2.87908
2.87909
2.8791
2.87914
2.87914
2.87917
2.8792
2.87922
2.87933
2.87942
2.87943
2.8795
2.88043
2.88046
2.88047
2.88056
2.8807
2.88075
2.88076
2.88082
2.88084
2.88097
2.88125
2.8814
2.88142
2.88177
2.88235
2.88243
2.88249
2.88257
2.88267
2.8829
2.88293
2.88296
2.88338
2.88365
2.88384
2.88415
2.88415
2.88424
2.88426
2.8844
2.8845
2.88451
2.88466
2.88473
2.88475
2.88535
2.88545
2.88547
2.88553
2.88558
2.88559
2.88585
2.88596
2.8861
2.88618
2.88633
2.88652
2.88679
2.88681
2.88692
2.88701
2.8871
2.8874
2.88744
2.88751
2.88757
2.8878
2.88792
2.888
2.88801
2.88812
2.88824
2.88824
2.88832
2.88847
2.88849
2.88862
2.88866
2.88867
2.88873
2.88895
2.88897
2.88902
2.88913
2.88917
2.88922
2.88933
2.88937
2.88943
2.88948
2.8895
2.88965
2.88967
2.88988
2.88988
2.88995
2.88998
2.89008
2.89039
2.89056
2.8907
2.89072
2.89074
2.89095
2.89105
2.89105
2.89107
2.89111
2.89112
2.89125
2.89127
2.89134
2.89159
2.89165
2.89168
2.89177
2.89184
2.89202
2.89216
2.89219
2.8923
2.89231
2.89238
2.8924
2.89247
2.89249
2.8927
2.8928
2.8929
2.89299
2.89322
2.89326
2.89342
2.89363
2.89422
2.89432
2.89439
2.89444
2.89471
2.895
2.8951
2.89529
2.8957
2.89607
2.89607
2.89616
2.89627
2.89631
2.8964
2.8964
2.89648
2.89658
2.89678
2.89689
2.89717
2.89727
2.89745
2.89785
2.89793
2.89795
2.89805
2.89805
2.89811
2.8982
2.89836
2.89857
2.89876
2.89896
2.8991
2.8991
2.89917
2.89929
2.8994
2.89966
2.89966
2.89983
2.90002
2.90014
2.90055
2.90062
2.90089
2.90106
2.9013
2.90144
2.9015
2.90187
2.90198
2.90215
2.90219
2.90228
2.90233
2.90263
2.90306
2.90313
2.90348
2.90355
2.9036
2.90366
2.90376
2.90381
2.90382
2.90395
2.90403
2.90412
2.90438
2.90452
2.90459
2.90467
2.90472
2.90474
2.90481
2.90484
2.90485
2.90491
2.90499
2.90503
2.90525
2.90534
2.9054
2.90596
2.9062
2.90637
2.90645
2.90681
2.90686
2.90689
2.90691
2.90691
2.90696
2.90701
2.90732
2.90739
2.90746
2.90786
2.90789
2.90812
2.90825
2.90829
2.90834
2.90844
2.90845
2.90847
2.90856
2.90856
2.90877
2.90888
2.90903
2.90913
2.90916
2.9092
2.90928
2.9093
2.90945
2.90953
2.90971
2.90973
2.90978
2.91023
2.91023
2.91033
2.91043
2.91044
2.91045
2.91058
2.9106
2.91066
2.9107
2.91075
2.91077
2.91092
2.91102
2.91109
2.91127
2.91141
2.91159
2.9116
2.91168
2.91182
2.91183
2.91192
2.91194
2.91195
2.91198
2.91203
2.91211
2.91216
2.91217
2.91217
2.91226
2.91231
2.91233
2.91293
2.91316
2.91317
2.91348
2.91374
2.91383
2.91394
2.91396
2.91418
2.91422
2.91427
2.91429
2.91431
2.91449
2.91451
2.91452
2.91479
2.915
2.91517
2.91519
2.91543
2.9155
2.91566
2.91568
2.9157
2.91587
2.91594
2.91674
2.91677
2.91682
2.91692
2.91732
2.91732
2.91759
2.91763
2.91767
2.9177
2.9179
2.91798
2.91819
2.9182
2.91824
2.9183
2.91832
2.9184
2.91841
2.91851
2.91855
2.91858
2.91906
2.91911
2.91925
2.91927
2.91947
2.91952
2.91964
2.91966
2.91989
2.92
2.92028
2.92034
2.9204
2.92057
2.92094
2.92102
2.92116
2.92133
2.92159
2.92192
2.92198
2.92215
2.92215
2.92225
2.92232
2.92334
2.9234
2.92362
2.92364
2.92375
2.92381
2.92382
2.92405
2.92408
2.92409
2.92421
2.92436
2.92443
2.92475
2.9248
2.92503
2.92527
2.92542
2.92583
2.92623
2.92633
2.92637
2.92645
2.92654
2.92664
2.92666
2.92669
2.92674
2.92682
2.9269
2.92696
2.92704
2.92722
2.92734
2.92738
2.92742
2.92743
2.92764
2.92768
2.92794
2.92801
2.9284
2.9284
2.92844
2.92881
2.92888
2.92903
2.92906
2.9291
2.92916
2.92945
2.92949
2.92971
2.9299
2.93004
2.9301
2.93016
2.93018
2.9305
2.93062
2.93067
2.93072
2.93102
2.93103
2.93105
2.93112
2.93116
2.93119
2.93176
2.93189
2.93205
2.93216
2.93247
2.93247
2.93248
2.93249
2.9325
2.93255
2.93256
2.93258
2.93259
2.93259
2.93262
2.93263
2.93271
2.93306
2.93327
2.93329
2.9333
2.93337
2.93338
2.93348
2.9338
2.93383
2.93408
2.93457
2.93477
2.93499
2.93507
2.93515
2.9355
2.93565
2.93572
2.93573
2.936
2.93636
2.93692
2.93693
2.93706
2.93712
2.93716
2.93729
2.93747
2.9378
2.93784
2.93803
2.93812
2.93823
2.9383
2.93847
2.93848
2.93854
2.93854
2.93855
2.93856
2.93868
2.93887
2.93918
2.9392
2.93962
2.93972
2.94005
2.94026
2.94027
2.94037
2.94044
2.9405
2.94062
2.94068
2.94079
2.94094
2.94118
2.94119
2.94119
2.94143
2.94174
2.94183
2.94191
2.94228
2.94234
2.94235
2.94239
2.94255
2.9427
2.94281
2.94296
2.94308
2.94324
2.94348
2.9435
2.94352
2.94367
2.94388
2.94388
2.94389
2.94411
2.94415
2.9442
2.94438
2.94454
2.94479
2.94479
2.94548
2.94558
2.94567
2.94569
2.94573
2.94576
2.9458
2.94581
2.94603
2.94642
2.9465
2.94668
2.94672
2.94683
2.94702
2.94711
2.94728
2.94742
2.94765
2.94781
2.94793
2.94796
2.94797
2.94803
2.94809
2.94854
2.94875
2.94882
2.94885
2.94886
2.94886
2.94912
2.94912
2.94916
2.94924
2.94938
2.94938
2.94942
2.94949
2.94962
2.94963
2.94969
2.9497
2.94983
2.94999
2.95
2.9503
2.95036
2.9505
2.95052
2.95062
2.95066
2.95072
2.95074
2.95078
2.95099
2.95107
2.9511
2.95117
2.9513
2.9517
2.95188
2.95196
2.95197
2.95199
2.95208
2.95212
2.95222
2.95259
2.9529
2.95295
2.95306
2.95354
2.95358
2.95378
2.954
2.95401
2.95402
2.95406
2.95413
2.95425
2.95434
2.95459
2.95472
2.95482
2.95496
2.95508
2.95547
2.9555
2.95587
2.95602
2.9563
2.95634
2.95651
2.95654
2.95659
2.95661
2.95662
2.95668
2.95668
2.95674
2.95703
2.95712
2.95741
2.95749
2.95757
2.95771
2.95791
2.95821
2.95828
2.9583
2.95834
2.95865
2.95874
2.95912
2.9592
2.95949
2.95951
2.95958
2.95964
2.95974
2.95979
2.96012
2.9602
2.9603
2.96041
2.96047
2.96066
2.96088
2.96106
2.96114
2.96124
2.96131
2.96137
2.96147
2.96153
2.96167
2.96194
2.96197
2.96201
2.96202
2.96229
2.96259
2.96272
2.96292
2.96307
2.96318
2.9632
2.96321
2.96324
2.96327
2.96327
2.96355
2.96393
2.96398
2.96405
2.96419
2.96437
2.96438
2.96444
2.96446
2.96479
2.96484
2.96486
2.96532
2.96537
2.96567
2.96576
2.96597
2.96618
2.96619
2.96628
2.96629
2.96634
2.96642
2.96645
2.96645
2.96649
2.96662
2.96667
2.96674
2.96722
2.96732
2.96737
2.96748
2.96765
2.96784
2.96832
2.96835
2.96836
2.96841
2.96854
2.96858
2.96896
2.96899
2.96913
2.96957
2.96958
2.96959
2.9699
2.96994
2.97007
2.97031
2.97032
2.97044
2.97051
2.97117
2.97132
2.97138
2.97156
2.97168
2.97169
2.97186
2.97246
2.97249
2.97258
2.97264
2.97278
2.97281
2.97284
2.97286
2.97297
2.97301
2.9732
2.97324
2.97344
2.97352
2.97352
2.97369
2.97399
2.97437
2.97437
2.97441
2.97443
2.97488
2.97497
2.97505
2.97513
2.97519
2.97521
2.97522
2.97538
2.97553
2.97556
2.97561
2.97563
2.97588
2.97619
2.97624
2.9764
2.97645
2.97646
2.97653
2.97715
2.9772
2.97721
2.97725
2.97736
2.9774
2.97783
2.97785
2.97801
2.97841
2.97846
2.97847
2.97852
2.97874
2.97877
2.97881
2.97885
2.97889
2.97891
2.97913
2.97918
2.97931
2.97937
2.97938
2.97938
2.97939
2.97939
2.97969
2.97973
2.97976
2.97979
2.97986
2.97991
2.97998
2.9801
2.98019
2.98038
2.98049
2.98051
2.98053
2.98059
2.98061
2.98063
2.9807
2.98071
2.98076
2.98089
2.9809
2.98106
2.98107
2.98115
2.9812
2.9812
2.98121
2.98135
2.98143
2.98176
2.98182
2.98186
2.98199
2.98211
2.98218
2.98222
2.98229
2.98278
2.98281
2.98286
2.98294
2.98336
2.9835
2.98351
2.98356
2.98357
2.98373
2.98384
2.98422
2.98423
2.98433
2.98434
2.98438
2.98444
2.98495
2.98521
2.98525
2.98531
2.98546
2.98553
2.9856
2.98572
2.98578
2.98579
2.98598
2.98604
2.98609
2.98611
2.9862
2.98622
2.98624
2.98628
2.98674
2.98707
2.98711
2.98716
2.98726
2.98757
2.98765
2.98783
2.98789
2.98792
2.98805
2.9881
2.98848
2.98857
2.98863
2.98874
2.98876
2.98898
2.98907
2.98909
2.98933
2.98937
2.98963
2.98972
2.98978
2.98989
2.98999
2.99005
2.99026
2.99029
2.99058
2.99085
2.99089
2.99117
2.99161
2.99166
2.99176
2.99188
2.99192
2.99193
2.99205
2.99263
2.99275
2.99279
2.99324
2.99342
2.99399
2.99427
2.9943
2.99434
2.99447
2.99459
2.99483
2.99497
2.99518
2.99535
2.99537
2.99547
2.99553
2.99558
2.99562
2.99576
2.99582
2.99614
2.99628
2.99636
2.99645
2.99649
2.99653
2.99655
2.99664
2.99675
2.99676
2.9969
2.9969
2.99699
2.99702
2.99715
2.99735
2.99764
2.99774
2.99807
2.99809
2.99836
2.9984
2.99845
2.99854
2.99898
2.999
2.99923
2.99948
2.99952
2.99963
2.99968
2.99978
2.9999
2.99997
3.00022
3.00032
3.00046
3.0006
3.00062
3.00079
3.00081
3.00087
3.001
3.00107
3.00107
3.00107
3.00147
3.00154
3.00156
3.0017
3.00179
3.00189
3.00194
3.00202
3.00221
3.00223
3.00243
3.00269
3.00276
3.00296
3.00308
3.00314
3.0033
3.00334
3.00349
3.00371
3.00403
3.00404
3.00411
3.00418
3.00424
3.00426
3.00428
3.00464
3.00473
3.00481
3.00496
3.00506
3.00508
3.00518
3.00525
3.00532
3.00567
3.00571
3.00636
3.00648
3.00656
3.00679
3.00698
3.00752
3.00776
3.0078
3.00828
3.00844
3.00852
3.00883
3.00902
3.00925
3.00944
3.00954
3.00989
3.01008
3.0101
3.01027
3.01067
3.01069
3.01083
3.01085
3.01092
3.011
3.01115
3.01124
3.01128
3.01131
3.01137
3.01146
3.01154
3.0117
3.01179
3.01187
3.01191
3.01217
3.01222
3.01243
3.01253
3.01262
3.01265
3.0127
3.01273
3.01276
3.01288
3.01307
3.01315
3.01318
3.0135
3.01353
3.01365
3.0138
3.01386
3.01401
3.01439
3.01455
3.01459
3.01465
3.01485
3.01493
3.01501
3.01506
3.01513
3.01521
3.01528
3.01532
3.01538
3.01539
3.01541
3.0155
3.0156
3.01563
3.01568
3.01576
3.01576
3.01606
3.01631
3.01645
3.01661
3.01661
3.01666
3.01677
3.0168
3.01701
3.01703
3.01738
3.0174
3.01756
3.01762
3.01788
3.01788
3.01795
3.01829
3.01832
3.01837
3.01852
3.01859
3.01869
3.01915
3.01952
3.01964
3.01987
3.02012
3.02017
3.02021
3.02031
3.02038
3.02043
3.02055
3.02056
3.0206
3.02068
3.02078
3.02117
3.02118
3.02134
3.02142
3.02161
3.02194
3.02224
3.02227
3.02228
3.02231
3.02235
3.02249
3.0229
3.02312
3.0233
3.02352
3.02353
3.02354
3.02362
3.02433
3.02433
3.02438
3.02446
3.02463
3.02463
3.02472
3.02473
3.02479
3.02483
3.0249
3.02492
3.02545
3.02567
3.02567
3.02583
3.02622
3.02622
3.02625
3.02628
3.02647
3.02649
3.02684
3.02711
3.02721
3.02724
3.0273
3.02733
3.02737
3.0277
3.0278
3.02792
3.028
3.02825
3.02843
3.02851
3.02857
3.02885
3.02896
3.02929
3.02954
3.0297
3.02972
3.02984
3.03019
3.03035
3.03049
3.03057
3.03091
3.03092
3.03094
3.03102
3.03121
3.03128
3.03169
3.0317
3.0318
3.03186
3.03196
3.03203
3.03203
3.03252
3.03285
3.03295
3.03306
3.03318
3.03381
3.03417
3.03419
3.0344
3.0347
3.03478
3.03482
3.03496
3.03503
3.03519
3.03535
3.03542
3.03558
3.03577
3.03578
3.03614
3.03618
3.0362
3.0363
3.03643
3.03665
3.03682
3.03685
3.03704
3.0372
3.03746
3.03754
3.03783
3.03784
3.03812
3.03846
3.03854
3.03907
3.03913
3.03927
3.03941
3.03951
3.03959
3.03973
3.03988
3.03997
3.04011
3.04042
3.04052
3.0408
3.04082
3.04082
3.04095
3.04097
3.04107
3.04111
3.04188
3.04193
3.04206
3.0421
3.0421
3.04221
3.04233
3.04249
3.04268
3.04272
3.04309
3.0431
3.04325
3.04341
3.04347
3.04361
3.04387
3.04395
3.044
3.04414
3.04448
3.04448
3.04456
3.04467
3.04475
3.0448
3.04488
3.04498
3.04519
3.04519
3.04532
3.04536
3.04552
3.04553
3.04567
3.0457
3.04574
3.04587
3.04597
3.04609
3.04629
3.04698
3.04699
3.04718
3.04723
3.0473
3.04742
3.04759
3.04766
3.04771
3.04778
3.04779
3.0479
3.04803
3.04808
3.04813
3.04836
3.04842
3.04878
3.04882
3.0494
3.04959
3.04962
3.04977
3.0498
3.0503
3.05068
3.05079
3.05106
3.05132
3.05137
3.05183
3.05195
3.05221
3.05223
3.05227
3.05229
3.05235
3.05242
3.05248
3.0525
3.05264
3.05275
3.05287
3.05304
3.05335
3.05341
3.05371
3.0545
3.05455
3.05457
3.05486
3.05541
3.05543
3.05587
3.05604
3.05604
3.05607
3.05625
3.05655
3.05655
3.05659
3.05696
3.05698
3.05722
3.05725
3.05733
3.05758
3.05761
3.05775
3.0579
3.05794
3.05802
3.05809
3.05827
3.05835
3.05836
3.05838
3.05839
3.05843
3.05855
3.05865
3.05868
3.05959
3.05959
3.05995
3.06004
3.06011
3.06041
3.0605
3.06054
3.06059
3.06068
3.06101
3.06106
3.06109
3.06163
3.06166
3.06174
3.06175
3.06186
3.06223
3.0625
3.06267
3.06303
3.06308
3.06319
3.0633
3.06331
3.06345
3.06392
3.06418
3.0642
3.06438
3.06464
3.0647
3.06476
3.06479
3.06484
3.06485
3.06511
3.06561
3.06581
3.06584
3.06584
3.06585
3.06586
3.06598
3.06617
3.06621
3.06638
3.06671
3.06686
3.06686
3.06708
3.06725
3.06732
3.06739
3.06754
3.06783
3.06791
3.06796
3.06828
3.06834
3.06836
3.06856
3.06894
3.06897
3.06898
3.06909
3.06923
3.06929
3.06961
3.06981
3.06993
3.07005
3.07009
3.07016
3.07019
3.07024
3.0706
3.07092
3.07112
3.07132
3.07134
3.07154
3.0717
3.07188
3.07203
3.07203
3.07234
3.07242
3.07249
3.07252
3.07273
3.07281
3.07286
3.0731
3.07318
3.07353
3.07359
3.07366
3.07383
3.0739
3.07418
3.07432
3.0744
3.07468
3.07485
3.07496
3.07501
3.07521
3.07524
3.07537
3.07562
3.07596
3.07603
3.07628
3.0764
3.07676
3.07694
3.07706
3.07732
3.0776
3.07773
3.07796
3.07796
3.07807
3.07839
3.07843
3.0789
3.07919
3.07947
3.07956
3.07975
3.07977
3.07991
3.07996
3.07999
3.08013
3.08018
3.08026
3.0803
3.0806
3.08076
3.08085
3.081
3.08104
3.08129
3.08138
3.08173
3.08202
3.08215
3.0823
3.08285
3.08287
3.08311
3.08312
3.08331
3.08337
3.08341
3.08342
3.08372
3.08378
3.08383
3.08391
3.08422
3.08436
3.08446
3.08471
3.08481
3.08492
3.08507
3.08531
3.08549
3.08561
3.08576
3.0862
3.08621
3.08622
3.08667
3.08678
3.08691
3.08704
3.0872
3.08737
3.08751
3.08752
3.08769
3.08778
3.08783
3.08791
3.088
3.0881
3.0885
3.08869
3.08874
3.08875
3.08894
3.08928
3.08933
3.08972
3.08982
3.08992
3.09002
3.09006
3.09055
3.09079
3.09081
3.09095
3.09096
3.09112
3.09121
3.09141
3.09164
3.09171
3.09176
3.09185
3.09196
3.09196
3.09204
3.09212
3.09215
3.09219
3.09222
3.09243
3.09304
3.09305
3.09356
3.09359
3.09378
3.09384
3.09455
3.0948
3.09497
3.09626
3.09653
3.09702
3.09714
3.09736
3.09789
3.09791
3.09831
3.09872
3.09882
3.0993
3.09968
3.10004
3.10009
3.10048
3.1005
3.10066
3.10083
3.10091
3.10106
3.10123
3.1014
3.10142
3.10156
3.1016
3.10168
3.10194
3.10194
3.10198
3.10219
3.10222
3.10279
3.1031
3.10323
3.10323
3.10351
3.10352
3.10354
3.10358
3.10378
3.10379
3.10398
3.10426
3.10441
3.1047
3.10484
3.10497
3.10499
3.10517
3.10545
3.1057
3.10577
3.10582
3.10582
3.10662
3.10691
3.10695
3.10703
3.10713
3.10785
3.10786
3.10791
3.10796
3.108
3.10804
3.10808
3.10818
3.10827
3.10828
3.10854
3.10878
3.10884
3.1092
3.10928
3.10933
3.10941
3.10956
3.10964
3.10973
3.10976
3.10976
3.1099
3.10993
3.11026
3.11057
3.11069
3.11096
3.11172
3.1121
3.11226
3.11241
3.11245
3.11295
3.113
3.11342
3.11358
3.11405
3.11407
3.11415
3.11445
3.11445
3.11452
3.11469
3.11485
3.11496
3.115
3.11563
3.11579
3.11581
3.11655
3.11674
3.11676
3.11678
3.11716
3.11723
3.1173
3.11732
3.11737
3.1174
3.11769
3.11777
3.11778
3.11797
3.11801
3.11806
3.11817
3.11899
3.119
3.11904
3.11926
3.11961
3.11962
3.11983
3.11985
3.11989
3.12013
3.12021
3.12038
3.12042
3.12062
3.12079
3.12085
3.12087
3.12097
3.12117
3.12162
3.12184
3.12198
3.12207
3.12208
3.12213
3.12248
3.12285
3.123
3.12325
3.12347
3.1236
3.12361
3.12366
3.12366
3.1237
3.12371
3.12383
3.12398
3.12412
3.12516
3.12519
3.12538
3.12553
3.12572
3.1258
3.1259
3.12593
3.12594
3.12614
3.12638
3.12649
3.12656
3.12662
3.12665
3.12677
3.1269
3.12713
3.12732
3.12787
3.12789
3.12798
3.12808
3.1287
3.12887
3.12895
3.12895
3.12912
3.1294
3.12991
3.13004
3.13056
3.13061
3.13066
3.13075
3.13112
3.13113
3.13127
3.13133
3.13143
3.1317
3.13179
3.1318
3.13185
3.13192
3.1322
3.13233
3.1324
3.13273
3.13281
3.13293
3.13323
3.13351
3.13404
3.13429
3.13432
3.13456
3.13481
3.13481
3.13491
3.135
3.13502
3.13531
3.13539
3.1358
3.13591
3.13592
3.13601
3.13656
3.13708
3.1371
3.13741
3.1375
3.13777
3.13827
3.13833
3.13857
3.13898
3.1395
3.1395
3.1396
3.14002
3.14015
3.14015
3.1403
3.14059
3.14065
3.14104
3.14115
3.14119
3.1415
3.14151
3.14177
3.14221
3.14222
3.14242
3.14283
3.14301
3.14332
3.14345
3.14372
3.14377
3.14382
3.14406
3.14409
3.14417
3.14422
3.14445
3.14456
3.14499
3.14519
3.14546
3.1456
3.14575
3.14618
3.14648
3.14657
3.14664
3.14664
3.14674
3.14678
3.147
3.14711
3.14732
3.14753
3.14761
3.14783
3.14795
3.14841
3.1485
3.14976
3.14996
3.15001
3.15026
3.15026
3.15061
3.15102
3.15106
3.15118
3.15123
3.15132
3.15191
3.1521
3.15266
3.15267
3.15315
3.15334
3.15351
3.15398
3.15399
3.15441
3.15442
3.1545
3.15469
3.15476
3.1549
3.15504
3.1551
3.15529
3.15543
3.15544
3.15546
3.15547
3.15585
3.15631
3.15633
3.15639
3.15657
3.15664
3.15695
3.15701
3.15703
3.15717
3.15786
3.15796
3.15809
3.15858
3.15871
3.15886
3.15905
3.15914
3.15938
3.15971
3.15979
3.16012
3.16042
3.16079
3.16096
3.16114
3.16116
3.16125
3.16161
3.16226
3.16237
3.16245
3.16275
3.16309
3.16319
3.16346
3.16399
3.1642
3.16439
3.1644
3.1645
3.16473
3.16496
3.16544
3.16587
3.16659
3.16691
3.16705
3.16712
3.16775
3.16781
3.16794
3.16802
3.16803
3.16841
3.16887
3.16921
3.16932
3.16933
3.1694
3.16979
3.16982
3.16991
3.1701
3.17017
3.17019
3.17045
3.17048
3.17057
3.17058
3.17059
3.17064
3.17094
3.17096
3.17099
3.17107
3.17156
3.17161
3.17224
3.1728
3.17299
3.1731
3.17319
3.17346
3.17379
3.17395
3.17402
3.17427
3.1747
3.17484
3.17487
3.17487
3.17539
3.17545
3.17549
3.17585
3.17599
3.17605
3.17616
3.17626
3.17635
3.17635
3.17656
3.17662
3.17691
3.17702
3.17735
3.17754
3.1777
3.17798
3.1783
3.17847
3.17852
3.17864
3.1787
3.17897
3.17916
3.17926
3.17927
3.17943
3.17996
3.18076
3.18079
3.18087
3.18091
3.18103
3.18195
3.18213
3.18214
3.18227
3.18232
3.18272
3.1831
3.18334
3.18344
3.18394
3.18408
3.18408
3.18414
3.18417
3.18431
3.1846
3.18481
3.18502
3.18512
3.18523
3.18543
3.18562
3.18588
3.18589
3.1859
3.1863
3.18647
3.18677
3.18699
3.18711
3.18731
3.1875
3.18778
3.18814
3.18858
3.18933
3.18938
3.18948
3.1897
3.19058
3.19069
3.19069
3.19082
3.19094
3.19124
3.1913
3.19157
3.19176
3.19271
3.19277
3.19302
3.19306
3.19308
3.1933
3.1935
3.1935
3.19409
3.19423
3.19438
3.19494
3.19525
3.19558
3.1958
3.19623
3.19667
3.19668
3.19685
3.19691
3.197
3.19714
3.19778
3.19804
3.19876
3.19888
3.19912
3.19918
3.19933
3.19945
3.19986
3.19987
3.19987
3.20006
3.20018
3.20019
3.20058
3.20059
3.20059
3.20064
3.20069
3.20099
3.20104
3.20104
3.20127
3.20143
3.20163
3.202
3.20253
3.20263
3.20275
3.20281
3.20283
3.20332
3.20369
3.20467
3.20485
3.20526
3.20583
3.20588
3.20597
3.206
3.20622
3.2064
3.20664
3.20666
3.20683
3.20703
3.20714
3.20723
3.20728
3.20749
3.20771
3.2084
3.20863
3.20863
3.20864
3.2087
3.2087
3.20877
3.2089
3.20912
3.20925
3.20972
3.21119
3.21129
3.21129
3.21135
3.21135
3.21173
3.21174
3.21213
3.21218
3.21276
3.21278
3.21382
3.21383
3.21416
3.21432
3.21433
3.21434
3.2146
3.21461
3.21465
3.21514
3.21531
3.21551
3.21646
3.21673
3.21701
3.21717
3.21743
3.21779
3.21812
3.21815
3.21827
3.21865
3.2188
3.2194
3.21972
3.22006
3.22014
3.22043
3.22047
3.22097
3.22108
3.22152
3.222
3.22266
3.2227
3.22319
3.22368
3.22378
3.22388
3.22407
3.2243
3.22437
3.22494
3.22511
3.22522
3.22542
3.22553
3.22566
3.22573
3.22578
3.22592
3.22609
3.22632
3.22656
3.22664
3.22675
3.22691
3.22709
3.22732
3.2275
3.22766
3.22837
3.2295
3.23091
3.23125
3.2313
3.23184
3.23205
3.2322
3.23265
3.23282
3.23314
3.23404
3.23412
3.23444
3.23454
3.23491
3.23531
3.23566
3.23591
3.23593
3.23621
3.23655
3.23749
3.23762
3.23781
3.23851
3.23889
3.23906
3.23987
3.23992
3.23993
3.23995
3.2405
3.24061
3.24073
3.24111
3.24133
3.24139
3.24145
3.24163
3.24209
3.24211
3.24213
3.24214
3.24243
3.24303
3.24328
3.24344
3.24371
3.24407
3.24415
3.24436
3.24439
3.24467
3.2448
3.24505
3.24524
3.24549
3.24646
3.24674
3.24675
3.247
3.24707
3.2473
3.24739
3.24779
3.24818
3.24893
3.24947
3.24987
3.24996
3.25039
3.25055
3.25129
3.2517
3.2519
3.25197
3.25215
3.25218
3.25279
3.2538
3.2541
3.25412
3.25425
3.25483
3.2552
3.25534
3.25564
3.2559
3.25613
3.25641
3.25648
3.25653
3.25707
3.25711
3.25731
3.25752
3.2581
3.25886
3.25929
3.25967
3.26033
3.2604
3.26089
3.26163
3.26223
3.26249
3.26275
3.26304
3.26317
3.26321
3.26344
3.26346
3.26353
3.26442
3.26573
3.26712
3.26724
3.2679
3.26796
3.26813
3.26852
3.26861
3.26902
3.26938
3.26953
3.26956
3.26972
3.2698
3.26981
3.2701
3.27036
3.27068
3.27085
3.27099
3.27142
3.27223
3.27235
3.27284
3.27345
3.27413
3.27434
3.27483
3.27487
3.27552
3.27554
3.27581
3.27625
3.27647
3.27663
3.27686
3.27693
3.27694
3.27724
3.27729
3.27821
3.27834
3.27838
3.2793
3.27962
3.27969
3.27993
3.27997
3.27998
3.28162
3.28183
3.28197
3.28284
3.28337
3.2834
3.28364
3.28409
3.28449
3.28527
3.28598
3.2865
3.28742
3.28807
3.28822
3.28827
3.289
3.28931
3.28966
3.28982
3.28983
3.29024
3.29088
3.29126
3.29143
3.292
3.29201
3.29253
3.29254
3.29257
3.2926
3.29442
3.29465
3.29466
3.29503
3.29521
3.29526
3.29555
3.2962
3.29649
3.29658
3.2971
3.29735
3.29769
3.29855
3.29912
3.29963
3.30007
3.30019
3.30223
3.30259
3.3035
3.30356
3.3043
3.30448
3.30457
3.30505
3.30559
3.30608
3.30609
3.30622
3.30641
3.30651
3.30699
3.30705
3.30722
3.30732
3.30754
3.3083
3.3088
3.30916
3.30917
3.30922
3.30994
3.31145
3.31166
3.3117
3.31233
3.31252
3.31363
3.31477
3.31583
3.31584
3.31628
3.31659
3.31723
3.31726
3.31752
3.31774
3.31788
3.31819
3.31824
3.31833
3.31834
3.3187
3.31907
3.31931
3.31946
3.31948
3.32022
3.32131
3.32141
3.32152
3.32242
3.32277
3.32305
3.32412
3.32414
3.32431
3.32488
3.32493
3.32516
3.32528
3.32543
3.32659
3.32672
3.32721
3.32749
3.3277
3.32853
3.32866
3.32885
3.32889
3.32925
3.32933
3.3295
3.32962
3.33048
3.33079
3.3314
3.33175
3.33211
3.33373
3.33396
3.33542
3.33612
3.33618
3.33676
3.33736
3.33829
3.3384
3.3394
3.34011
3.3409
3.34423
3.34523
3.34548
3.3459
3.34627
3.34631
3.34634
3.34723
3.34798
3.34823
3.34972
3.3502
3.35065
3.35096
3.35109
3.35112
3.35184
3.35185
3.35319
3.35515
3.3555
3.35912
3.35942
3.35988
3.36062
3.36077
3.36256
3.36287
3.36368
3.36394
3.36571
3.36574
3.36587
3.36628
3.36666
3.36852
3.37015
3.37238
3.37332
3.37348
3.37692
3.37714
3.3796
3.38081
3.38094
3.38096
3.38158
3.38224
3.38262
3.38265
3.38443
3.38461
3.38693
3.38705
3.38993
3.39198
3.39233
3.39387
3.39621
3.39657
3.39761
3.3985
3.39878
3.39889
3.3989
3.39969
3.39978
3.40074
3.40118
3.40131
3.40256
3.40513
3.40561
3.40587
3.40636
3.40668
3.40686
3.40754
3.40838
3.4086
3.40903
3.40912
3.40966
3.41004
3.41203
3.41232
3.4126
3.41334
3.41338
3.41404
3.4144
3.41457
3.41555
3.41601
3.41629
3.41638
3.41693
3.41713
3.41981
3.42068
3.4222
3.42281
3.42329
3.42395
3.42432
3.42545
3.42552
3.42606
3.42616
3.42617
3.42665
3.42697
3.42703
3.42877
3.43001
3.43144
3.43161
3.43482
3.43486
3.43642
3.43783
3.43975
3.43988
3.44053
3.44197
3.44257
3.4439
3.44574
3.44624
3.44674
3.44718
3.44821
3.4487
3.45047
3.45091
3.45188
3.45334
3.45495
3.45679
3.45934
3.45999
3.46061
3.46093
3.46202
3.46471
3.4656
3.47008
3.47135
3.47172
3.47256
3.47553
3.4758
3.47827
3.47851
3.47878
3.49056
3.49338
3.49387
3.49753
3.50146
3.50273
3.50686
3.50875
3.50882
3.50961
3.51009
3.51192
3.52373
3.52511
3.52947
3.5322
3.53527
3.53975
3.5424
3.5431
3.54541
3.54737
3.55594
3.55724
3.55766
3.56356
3.57014
3.57174
3.61047
3.614
3.61815
3.64833
3.65246
3.66581
3.67492
3.69814
3.70032
3.70783
3.75503
3.76955
