3.21852
3.29005
3.30852
3.31919
3.33017
3.34411
3.34697
3.34854
3.35159
3.37506
3.37741
3.37873
3.38095
3.38816
3.39162
3.39174
3.39603
3.39777
3.41024
3.41403
3.4163
3.41839
3.42138
3.42343
3.42413
3.43701
3.43747
3.44131
3.44313
3.44395
3.46038
3.46627
3.47107
3.47207
3.47289
3.474
3.47575
3.47754
3.48176
3.48324
3.48565
3.49253
3.50755
3.51018
3.51345
3.51392
3.51398
3.51533
3.51647
3.51724
3.52102
3.52231
3.52239
3.52474
3.52926
3.53373
3.53444
3.53778
3.53823
3.54027
3.54313
3.54611
3.54797
3.54876
3.55032
3.5507
3.55306
3.55441
3.55586
3.55619
3.5573
3.55781
3.55803
3.55816
3.55842
3.55938
3.56046
3.56066
3.56114
3.56135
3.56161
3.56188
3.56228
3.56285
3.56466
3.56676
3.56722
3.56812
3.56865
3.56936
3.57159
3.57287
3.57304
3.57376
3.5744
3.57464
3.57559
3.57635
3.57735
3.58285
3.58486
3.58556
3.58579
3.58693
3.58696
3.58706
3.59159
3.59329
3.59376
3.59381
3.59465
3.59518
3.59538
3.59715
3.59825
3.5988
3.60009
3.60108
3.60177
3.6024
3.60377
3.604
3.60548
3.60562
3.60597
3.60629
3.60795
3.60836
3.60989
3.61025
3.61098
3.61159
3.61165
3.613
3.61316
3.61374
3.61455
3.61559
3.61894
3.6224
3.62451
3.62509
3.62638
3.628
3.62814
3.62839
3.62854
3.6293
3.63001
3.63148
3.63384
3.63429
3.63506
3.63569
3.63588
3.63623
3.63679
3.637
3.6372
3.63724
3.63864
3.63912
3.6407
3.64104
3.64121
3.64133
3.64221
3.64345
3.64351
3.64351
3.64386
3.64758
3.64805
3.64967
3.65071
3.65096
3.65106
3.65202
3.65211
3.65297
3.653
3.65351
3.65505
3.65571
3.65677
3.65693
3.65731
3.65736
3.6579
3.65811
3.65841
3.65863
3.65898
3.65947
3.65961
3.65965
3.66032
3.6614
3.66226
3.66253
3.66301
3.66422
3.66433
3.665
3.66513
3.66544
3.66645
3.6682
3.66853
3.6689
3.67032
3.67056
3.67093
3.67219
3.67278
3.67299
3.67331
3.67395
3.67446
3.67552
3.67605
3.67692
3.67721
3.67754
3.67765
3.67944
3.67993
3.68122
3.68134
3.68161
3.68241
3.68273
3.68309
3.68376
3.6838
3.68445
3.68549
3.68572
3.68578
3.6872
3.68797
3.68818
3.6883
3.68843
3.68877
3.68893
3.68918
3.68929
3.69084
3.69132
3.69139
3.69148
3.69188
3.69291
3.69299
3.69378
3.69444
3.69452
3.69462
3.6947
3.69477
3.69546
3.69567
3.69569
3.69577
3.69585
3.69596
3.69682
3.69735
3.69764
3.69775
3.69797
3.69834
3.69864
3.69873
3.69916
3.69923
3.69926
3.69945
3.6995
3.69995
3.70104
3.70144
3.70191
3.70257
3.70259
3.70305
3.70454
3.70489
3.70489
3.70516
3.70516
3.70624
3.70653
3.70671
3.70688
3.70719
3.70732
3.70804
3.71005
3.71014
3.71032
3.71153
3.71185
3.71241
3.71254
3.71287
3.71291
3.71312
3.71375
3.71396
3.71397
3.71402
3.71443
3.71444
3.71464
3.71487
3.71552
3.71578
3.71598
3.71602
3.71634
3.71664
3.71674
3.71706
3.71795
3.71843
3.71855
3.71891
3.71916
3.71934
3.71988
3.72017
3.72031
3.72108
3.72147
3.72153
3.72197
3.7221
3.72213
3.72245
3.72257
3.72264
3.72269
3.72346
3.72441
3.72458
3.72526
3.72663
3.72683
3.72736
3.7275
3.72752
3.72756
3.72772
3.72815
3.72877
3.72943
3.73015
3.73038
3.73137
3.7314
3.7318
3.73265
3.73273
3.73284
3.73289
3.73295
3.73378
3.73379
3.73403
3.73414
3.73481
3.73493
3.73602
3.73638
3.73687
3.73704
3.73717
3.73736
3.73745
3.73802
3.73841
3.73904
3.73934
3.73945
3.7396
3.73974
3.73977
3.74067
3.74104
3.74124
3.74132
3.74271
3.74283
3.74315
3.74332
3.74394
3.7443
3.74453
3.74478
3.74487
3.7455
3.74572
3.74636
3.7466
3.7473
3.74791
3.74825
3.74832
3.74858
3.74928
3.74974
3.75004
3.75124
3.75192
3.75286
3.75337
3.75339
3.75373
3.75377
3.75381
3.75401
3.75477
3.75479
3.75572
3.75577
3.75599
3.7561
3.75629
3.75643
3.75643
3.75643
3.75645
3.75645
3.75664
3.75671
3.75686
3.75731
3.75819
3.75894
3.75899
3.75924
3.75957
3.75957
3.75989
3.76013
3.76081
3.76151
3.76208
3.76241
3.76251
3.76397
3.76402
3.76455
3.76463
3.76468
3.76504
3.7662
3.76633
3.7667
3.76673
3.76678
3.76681
3.76698
3.76709
3.76721
3.76727
3.7673
3.76743
3.76758
3.76775
3.76802
3.76809
3.76828
3.76834
3.76855
3.76906
3.76908
3.76937
3.76949
3.76962
3.76975
3.76996
3.76997
3.77022
3.7704
3.77052
3.77055
3.77095
3.77167
3.77172
3.77172
3.77184
3.77193
3.77204
3.7721
3.77214
3.77225
3.7725
3.77275
3.7728
3.77312
3.77411
3.77421
3.77477
3.77479
3.77487
3.77489
3.77524
3.77527
3.77562
3.77565
3.776
3.77644
3.77661
3.77674
3.77727
3.77746
3.77783
3.77834
3.77844
3.77864
3.77923
3.7793
3.77945
3.77985
3.78016
3.78087
3.78106
3.78172
3.78233
3.78239
3.78264
3.78278
3.78288
3.78309
3.78325
3.78363
3.78376
3.78378
3.78539
3.78604
3.78621
3.78629
3.78652
3.78668
3.78694
3.78721
3.78772
3.7878
3.78788
3.78857
3.78867
3.78878
3.78929
3.78994
3.79052
3.79059
3.7909
3.79112
3.7915
3.79156
3.79167
3.79188
3.79224
3.79239
3.79252
3.79269
3.79311
3.79328
3.79353
3.79357
3.7938
3.79387
3.79391
3.79403
3.79415
3.79416
3.79464
3.7947
3.79489
3.79501
3.79522
3.79597
3.79628
3.79628
3.79687
3.79698
3.79716
3.79743
3.79765
3.79798
3.79885
3.80016
3.8003
3.80066
3.80082
3.80098
3.80153
3.80157
3.80176
3.80177
3.80195
3.80202
3.80202
3.80243
3.80287
3.80292
3.80332
3.80335
3.80343
3.80357
3.80387
3.8041
3.80472
3.80485
3.80497
3.80502
3.80532
3.80544
3.80558
3.80603
3.80673
3.80679
3.80679
3.80693
3.80701
3.8075
3.80766
3.80844
3.80844
3.80878
3.80909
3.80914
3.80919
3.80933
3.8096
3.80975
3.8099
3.81031
3.81055
3.81055
3.81062
3.81065
3.81067
3.81087
3.81178
3.81235
3.81239
3.81256
3.81262
3.81281
3.81296
3.81302
3.81315
3.81317
3.81346
3.81357
3.81377
3.81384
3.81393
3.81417
3.81423
3.81456
3.81472
3.81478
3.81539
3.81647
3.81664
3.81672
3.81691
3.81693
3.81705
3.81706
3.81708
3.81731
3.81746
3.81748
3.81752
3.81774
3.81793
3.81803
3.81824
3.81863
3.81866
3.81876
3.81942
3.81952
3.81963
3.82019
3.82023
3.8208
3.82094
3.82107
3.82117
3.82164
3.82168
3.82173
3.82236
3.82255
3.82329
3.82348
3.8235
3.82377
3.82379
3.82389
3.8242
3.82432
3.82435
3.82455
3.82474
3.82535
3.82549
3.82569
3.82578
3.82612
3.82638
3.82656
3.8266
3.82663
3.82676
3.82705
3.82793
3.82826
3.82851
3.82855
3.82922
3.82949
3.82973
3.83
3.83047
3.83068
3.83078
3.83108
3.83205
3.83205
3.83255
3.83276
3.83311
3.8335
3.83367
3.83374
3.83423
3.83439
3.83463
3.83483
3.83489
3.83506
3.83507
3.83521
3.83544
3.8357
3.83579
3.8358
3.83646
3.83676
3.83692
3.83705
3.83724
3.8373
3.8373
3.83735
3.83777
3.83778
3.83792
3.8382
3.8383
3.8384
3.83956
3.83993
3.84002
3.84023
3.84058
3.84074
3.84078
3.8415
3.84185
3.84206
3.84208
3.84239
3.8424
3.84244
3.84292
3.84306
3.84324
3.84335
3.84336
3.84391
3.8443
3.84436
3.84455
3.84457
3.84475
3.8448
3.84494
3.84498
3.84518
3.84535
3.84539
3.84557
3.84573
3.84582
3.84606
3.84611
3.84615
3.84628
3.84643
3.84652
3.84655
3.8466
3.84662
3.84665
3.84715
3.84736
3.84737
3.84761
3.84782
3.84788
3.84818
3.84822
3.84842
3.84845
3.84849
3.84864
3.84979
3.85045
3.85056
3.85074
3.85113
3.85137
3.85142
3.85154
3.85161
3.85171
3.85175
3.85178
3.85194
3.85205
3.85233
3.85243
3.85261
3.85264
3.85308
3.85351
3.8538
3.85417
3.85426
3.85454
3.85464
3.85498
3.85503
3.85508
3.85542
3.8558
3.85591
3.85615
3.85636
3.85637
3.85651
3.85661
3.85673
3.85741
3.85764
3.85804
3.85853
3.85875
3.85881
3.85899
3.8591
3.85931
3.85947
3.8595
3.85962
3.85969
3.86019
3.86028
3.86042
3.86052
3.86057
3.86066
3.86086
3.86096
3.86098
3.86154
3.86156
3.86166
3.86167
3.8618
3.86196
3.86198
3.86202
3.86216
3.86233
3.86313
3.86341
3.86362
3.86363
3.864
3.86404
3.86406
3.86412
3.86432
3.86441
3.86449
3.86456
3.86457
3.86487
3.86492
3.86512
3.86512
3.86513
3.86546
3.86599
3.86601
3.86603
3.86608
3.86614
3.86635
3.86696
3.86732
3.86741
3.86748
3.86755
3.86761
3.86763
3.86769
3.86776
3.86804
3.86823
3.86824
3.86837
3.86879
3.86914
3.86938
3.86942
3.86974
3.86984
3.8701
3.87015
3.8702
3.87036
3.87038
3.87051
3.87072
3.87076
3.8708
3.87085
3.87136
3.87137
3.87138
3.87143
3.87229
3.8724
3.87277
3.87284
3.87329
3.87335
3.87349
3.87361
3.87372
3.87379
3.87385
3.87427
3.87447
3.87483
3.87491
3.87545
3.87564
3.87566
3.87574
3.87586
3.87593
3.87594
3.87596
3.87598
3.87612
3.87616
3.87634
3.87636
3.87637
3.87639
3.87664
3.87668
3.8767
3.87677
3.8768
3.87681
3.87713
3.87719
3.87726
3.87769
3.87771
3.87775
3.87807
3.87812
3.87818
3.87826
3.87829
3.87841
3.87842
3.87853
3.87881
3.87883
3.87902
3.87911
3.87932
3.87972
3.88016
3.88031
3.88032
3.88045
3.8808
3.88095
3.88112
3.88116
3.88136
3.88163
3.88173
3.88175
3.88176
3.88181
3.88184
3.88205
3.88216
3.88236
3.88297
3.88303
3.8831
3.88373
3.88373
3.88422
3.88451
3.88477
3.88492
3.88507
3.88533
3.88538
3.8854
3.88583
3.88587
3.88587
3.88589
3.88642
3.88652
3.88655
3.88667
3.88682
3.88698
3.88702
3.88709
3.88713
3.88724
3.88727
3.8873
3.88735
3.88771
3.88831
3.88891
3.8891
3.88913
3.88949
3.88963
3.88968
3.88974
3.88988
3.88989
3.88991
3.88998
3.88998
3.89
3.89005
3.89028
3.89046
3.89061
3.89069
3.89109
3.89121
3.89143
3.89165
3.89166
3.89186
3.89201
3.89223
3.89227
3.89305
3.89321
3.89355
3.89362
3.89363
3.89373
3.89379
3.8943
3.89469
3.89486
3.8949
3.89506
3.89515
3.89522
3.89555
3.89565
3.89567
3.89606
3.89612
3.89627
3.89646
3.89669
3.89671
3.8968
3.89692
3.89715
3.89721
3.89731
3.8974
3.89742
3.89746
3.89758
3.89808
3.89851
3.89852
3.8986
3.89875
3.89876
3.89879
3.89886
3.89903
3.89947
3.89949
3.89963
3.8997
3.89986
3.90007
3.90027
3.90036
3.90058
3.90073
3.901
3.90101
3.90101
3.90102
3.90121
3.90121
3.90146
3.90148
3.90153
3.90154
3.9016
3.90181
3.90182
3.90188
3.902
3.90202
3.90247
3.90257
3.90274
3.90297
3.90357
3.90364
3.90381
3.90404
3.90431
3.90438
3.90453
3.90456
3.90472
3.90502
3.90503
3.9052
3.90524
3.9053
3.90541
3.90559
3.90564
3.9057
3.9057
3.90578
3.90622
3.90629
3.90653
3.90658
3.90691
3.90698
3.90729
3.90744
3.90749
3.90749
3.90752
3.90802
3.90836
3.90841
3.90856
3.90875
3.90882
3.90888
3.90904
3.90923
3.90974
3.91002
3.91013
3.91028
3.91051
3.91081
3.91097
3.91106
3.9111
3.91137
3.91143
3.91185
3.91187
3.91192
3.91203
3.91209
3.91215
3.91243
3.91243
3.91249
3.91286
3.91299
3.913
3.91351
3.91357
3.91404
3.9144
3.91449
3.91503
3.91526
3.91553
3.91568
3.91577
3.91584
3.91599
3.91682
3.91707
3.9172
3.91732
3.91739
3.91751
3.91759
3.91765
3.91775
3.9181
3.91818
3.91828
3.91845
3.91846
3.91858
3.91867
3.91868
3.91881
3.91904
3.91911
3.9193
3.91935
3.91961
3.91969
3.91973
3.91973
3.91974
3.91988
3.91991
3.91998
3.91998
3.9201
3.92013
3.92031
3.92043
3.92047
3.92051
3.92052
3.9206
3.9206
3.92068
3.92089
3.92094
3.9216
3.92186
3.92189
3.92197
3.92206
3.92244
3.92252
3.92266
3.92275
3.92275
3.92293
3.92337
3.92344
3.92361
3.92367
3.92374
3.9241
3.92418
3.92431
3.92447
3.92451
3.92464
3.92477
3.9251
3.92535
3.92542
3.92544
3.92554
3.92556
3.92573
3.92574
3.92589
3.92601
3.92604
3.92607
3.92613
3.92618
3.92627
3.92629
3.92644
3.92645
3.92654
3.92656
3.92668
3.92677
3.92688
3.92689
3.92745
3.92786
3.92802
3.92824
3.9283
3.9285
3.9287
3.92899
3.92916
3.92918
3.92919
3.92922
3.92929
3.92934
3.92934
3.9294
3.92942
3.92953
3.92954
3.92966
3.92975
3.93011
3.93029
3.9303
3.93033
3.93037
3.93043
3.93074
3.93088
3.93097
3.93097
3.931
3.93137
3.93149
3.93164
3.93198
3.93201
3.93211
3.93215
3.93219
3.93235
3.93246
3.9326
3.93261
3.93264
3.93329
3.93348
3.93351
3.93362
3.93385
3.93423
3.93429
3.93458
3.93459
3.9349
3.93493
3.93496
3.93506
3.93515
3.93538
3.9354
3.93547
3.93556
3.93558
3.9357
3.93575
3.93591
3.93602
3.93613
3.93616
3.93626
3.93628
3.93653
3.93667
3.93671
3.93674
3.93685
3.93699
3.93711
3.93719
3.93722
3.93726
3.93738
3.93825
3.93854
3.9386
3.93901
3.93912
3.93918
3.93938
3.93946
3.93948
3.93958
3.93979
3.93989
3.93992
3.94014
3.94028
3.9404
3.94079
3.94089
3.94104
3.94119
3.94132
3.94138
3.94142
3.94152
3.94181
3.94198
3.94223
3.94234
3.94235
3.94241
3.9426
3.94274
3.94293
3.94297
3.94308
3.94319
3.94329
3.94341
3.94364
3.94364
3.94366
3.94375
3.94379
3.94379
3.94381
3.94388
3.94395
3.94396
3.94411
3.94437
3.94472
3.94481
3.94485
3.94489
3.94498
3.94501
3.9453
3.94553
3.94577
3.9458
3.94609
3.94652
3.94668
3.94669
3.94681
3.94737
3.9475
3.94792
3.94872
3.94882
3.9493
3.94931
3.94946
3.94954
3.94958
3.94976
3.94986
3.94989
3.95028
3.95052
3.95065
3.95074
3.95074
3.9509
3.95104
3.9512
3.95129
3.95141
3.95145
3.95152
3.95167
3.95197
3.95217
3.95218
3.95245
3.95267
3.95274
3.95281
3.95321
3.95334
3.95341
3.95348
3.95359
3.95363
3.95373
3.95421
3.95437
3.95446
3.95452
3.95479
3.9549
3.95493
3.95511
3.95518
3.95522
3.95551
3.9558
3.9558
3.95586
3.95592
3.95614
3.95641
3.95671
3.95705
3.95715
3.95723
3.95734
3.95741
3.95777
3.95782
3.95799
3.95856
3.95861
3.95873
3.95913
3.95918
3.95927
3.95929
3.9594
3.95949
3.95974
3.95976
3.95979
3.95997
3.96017
3.96049
3.96051
3.96062
3.96062
3.96063
3.96124
3.9613
3.96134
3.96163
3.9618
3.96196
3.96196
3.96199
3.96213
3.96244
3.96256
3.96261
3.96268
3.96273
3.96275
3.96275
3.96284
3.96292
3.96297
3.96306
3.96313
3.96315
3.96316
3.96341
3.96349
3.96357
3.96358
3.9636
3.9638
3.96395
3.96416
3.96418
3.96434
3.96436
3.9645
3.96463
3.96474
3.96496
3.96501
3.96512
3.96516
3.96613
3.96619
3.96671
3.96681
3.96725
3.96738
3.96762
3.96772
3.96782
3.96785
3.9679
3.9679
3.96799
3.96807
3.96815
3.96815
3.96832
3.96859
3.96867
3.96896
3.96932
3.96936
3.96937
3.96955
3.96976
3.96979
3.97
3.97006
3.97007
3.97018
3.97018
3.97023
3.97078
3.97078
3.97085
3.97087
3.97096
3.97099
3.97139
3.97143
3.97165
3.9717
3.97175
3.97192
3.97197
3.97249
3.97273
3.97281
3.97303
3.97305
3.97323
3.97329
3.97335
3.97337
3.97344
3.97371
3.97372
3.97411
3.97411
3.97418
3.97442
3.97458
3.97503
3.97509
3.97528
3.97536
3.9754
3.97546
3.97557
3.97586
3.97613
3.97616
3.97626
3.97647
3.97648
3.97668
3.97672
3.97679
3.9768
3.97715
3.97743
3.97755
3.97758
3.97807
3.97809
3.97829
3.97835
3.97841
3.97848
3.97876
3.97897
3.97897
3.97907
3.97924
3.97939
3.97957
3.97961
3.97972
3.97981
3.97987
3.97988
3.97994
3.98014
3.98019
3.9802
3.98022
3.98054
3.98085
3.98089
3.98091
3.98099
3.981
3.9812
3.98125
3.9817
3.98183
3.98184
3.9821
3.98222
3.98233
3.98253
3.98258
3.98272
3.98292
3.9831
3.98321
3.98353
3.98392
3.98393
3.98413
3.98419
3.9842
3.98421
3.98424
3.98425
3.98436
3.98492
3.98497
3.98506
3.9852
3.98533
3.98544
3.98545
3.98546
3.98554
3.98567
3.9858
3.98619
3.98621
3.987
3.98734
3.98751
3.98758
3.98762
3.98789
3.98803
3.98824
3.98842
3.98852
3.98867
3.98879
3.98882
3.98909
3.98912
3.98919
3.98933
3.9894
3.98942
3.98985
3.99007
3.99012
3.99032
3.9904
3.99053
3.99059
3.99072
3.99087
3.99094
3.99097
3.99109
3.99115
3.99144
3.99149
3.99156
3.99167
3.99171
3.99193
3.99208
3.99212
3.99246
3.99252
3.99259
3.9926
3.99263
3.99283
3.99283
3.99312
3.99329
3.9934
3.99358
3.99372
3.99374
3.99387
3.99402
3.99406
3.99437
3.99437
3.99458
3.99462
3.99468
3.99469
3.9948
3.99481
3.99484
3.99494
3.99496
3.99498
3.99503
3.99509
3.99529
3.9955
3.99575
3.99585
3.99611
3.99613
3.99615
3.99616
3.99616
3.99624
3.99644
3.99646
3.99661
3.9967
3.99687
3.9969
3.99691
3.99697
3.99699
3.99773
3.99846
3.9985
3.99878
3.99903
3.99909
3.99913
3.99915
3.99919
3.9993
3.99934
3.99951
3.99953
3.99961
3.99982
3.99987
4.0002
4.00025
4.00046
4.00063
4.0008
4.00082
4.00114
4.0013
4.00142
4.00145
4.00176
4.00188
4.002
4.00203
4.00211
4.00215
4.00225
4.0024
4.0024
4.00258
4.00265
4.00301
4.00312
4.00331
4.00355
4.00373
4.00387
4.00395
4.00407
4.00414
4.00418
4.00443
4.00463
4.00475
4.00488
4.00493
4.0052
4.00522
4.00527
4.00552
4.00556
4.00577
4.00582
4.00599
4.00608
4.00614
4.00619
4.00626
4.00627
4.00654
4.00656
4.00659
4.00659
4.0066
4.00672
4.00672
4.00673
4.00687
4.0069
4.007
4.00708
4.00716
4.0075
4.00752
4.00759
4.00761
4.00776
4.00777
4.00812
4.00813
4.00818
4.00826
4.00832
4.0084
4.00842
4.00845
4.00896
4.00938
4.00967
4.00992
4.01001
4.0101
4.01013
4.01017
4.01018
4.01022
4.01038
4.01045
4.01047
4.01052
4.01071
4.01075
4.01075
4.01098
4.01124
4.01132
4.01139
4.01152
4.01159
4.01219
4.01227
4.01228
4.01233
4.01233
4.01241
4.01267
4.01271
4.01275
4.0128
4.01322
4.01323
4.01324
4.01345
4.01372
4.01389
4.0139
4.014
4.01413
4.01422
4.01426
4.01429
4.01465
4.01472
4.01476
4.01482
4.01489
4.01489
4.01491
4.01491
4.01502
4.01509
4.01514
4.01515
4.01537
4.01565
4.01568
4.01572
4.01577
4.01581
4.01587
4.01597
4.01614
4.0163
4.01653
4.01664
4.01666
4.01668
4.01675
4.01677
4.01678
4.01694
4.01697
4.01717
4.0175
4.0177
4.0177
4.01775
4.01777
4.0179
4.01802
4.0184
4.01855
4.01893
4.01896
4.0192
4.01924
4.01939
4.01991
4.01997
4.02003
4.02015
4.02042
4.02045
4.02123
4.02124
4.02133
4.02143
4.02154
4.02172
4.02186
4.0222
4.02233
4.02239
4.02247
4.02256
4.02262
4.02265
4.02276
4.023
4.02315
4.02369
4.02477
4.02481
4.02501
4.02541
4.02542
4.02545
4.02551
4.0257
4.02576
4.02617
4.02618
4.02619
4.02621
4.02624
4.02645
4.02651
4.0267
4.02673
4.02681
4.02685
4.02703
4.02703
4.02725
4.02747
4.02778
4.02803
4.02806
4.02816
4.02837
4.0286
4.02866
4.02871
4.02877
4.02917
4.02927
4.02932
4.02949
4.0295
4.02977
4.03063
4.03073
4.03086
4.03088
4.03125
4.03125
4.03136
4.03159
4.03172
4.03176
4.0318
4.03189
4.03196
4.03227
4.03231
4.03285
4.0329
4.0331
4.03311
4.03323
4.03351
4.03358
4.03359
4.03369
4.03375
4.03386
4.03403
4.03438
4.03448
4.03493
4.0353
4.03537
4.03564
4.03569
4.03592
4.03596
4.03605
4.0363
4.03654
4.03666
4.03679
4.0368
4.03682
4.03694
4.037
4.03716
4.03724
4.03754
4.03765
4.03777
4.03784
4.03804
4.03804
4.03814
4.03822
4.03834
4.0384
4.0388
4.03891
4.03948
4.03951
4.03957
4.03961
4.03962
4.03968
4.03975
4.03989
4.03991
4.03998
4.04012
4.04013
4.0404
4.04043
4.0407
4.04083
4.04086
4.04098
4.0411
4.04113
4.04152
4.04157
4.04169
4.04172
4.042
4.04205
4.04207
4.04218
4.04236
4.04244
4.04308
4.04321
4.04341
4.04353
4.04357
4.04364
4.04368
4.04375
4.04381
4.04386
4.04393
4.04401
4.04431
4.04431
4.04454
4.04473
4.04478
4.04507
4.04532
4.04536
4.04537
4.04549
4.04574
4.04586
4.04621
4.04655
4.04662
4.04678
4.04687
4.04691
4.04705
4.04711
4.04723
4.0474
4.04746
4.04753
4.04755
4.04761
4.04763
4.04793
4.04818
4.04819
4.04829
4.04832
4.04834
4.04845
4.04856
4.04857
4.04861
4.04867
4.04874
4.04877
4.04895
4.04896
4.04906
4.04906
4.04938
4.04958
4.04966
4.04978
4.05016
4.05028
4.05033
4.05051
4.05052
4.05056
4.05077
4.05117
4.05121
4.05159
4.05176
4.05176
4.05182
4.05211
4.05215
4.0523
4.05233
4.05237
4.05237
4.05237
4.05247
4.05276
4.05289
4.05294
4.05333
4.05359
4.05362
4.05373
4.05402
4.05409
4.05433
4.05433
4.05462
4.05467
4.05498
4.05507
4.05509
4.05528
4.05532
4.05555
4.05558
4.05561
4.05572
4.05579
4.05587
4.05602
4.05605
4.05607
4.05625
4.05637
4.05646
4.05649
4.05662
4.05674
4.05676
4.05683
4.05713
4.05736
4.0574
4.05743
4.05802
4.05803
4.05807
4.05845
4.05864
4.05871
4.05875
4.05881
4.05901
4.05904
4.05933
4.05935
4.0595
4.0596
4.05967
4.05977
4.05988
4.0599
4.0601
4.06011
4.06019
4.06034
4.06057
4.06101
4.06131
4.06145
4.06156
4.06176
4.06179
4.06183
4.06203
4.0623
4.06233
4.06265
4.06266
4.06276
4.06276
4.06286
4.06301
4.06313
4.06333
4.06334
4.06361
4.06371
4.06377
4.06389
4.06393
4.06411
4.06412
4.06416
4.06435
4.06451
4.06457
4.06469
4.06474
4.0649
4.06502
4.06512
4.06548
4.06564
4.06597
4.06618
4.06634
4.06644
4.06644
4.06644
4.0665
4.06672
4.06674
4.06682
4.06686
4.06688
4.06716
4.0672
4.06744
4.06757
4.06785
4.06807
4.06812
4.06839
4.06879
4.06888
4.0689
4.06903
4.06922
4.06932
4.06963
4.06987
4.06992
4.06997
4.07027
4.07046
4.07051
4.07067
4.07094
4.07099
4.07102
4.07104
4.07119
4.07119
4.0712
4.07131
4.07135
4.07156
4.07188
4.07193
4.07206
4.0724
4.07253
4.0726
4.07261
4.07287
4.07288
4.07289
4.073
4.07306
4.0732
4.0732
4.07322
4.07323
4.07325
4.07338
4.07343
4.07349
4.07354
4.07355
4.07358
4.07358
4.07367
4.07368
4.074
4.07414
4.07414
4.07416
4.07431
4.07437
4.07449
4.0745
4.07456
4.07459
4.07462
4.07469
4.07475
4.07492
4.07527
4.07533
4.07547
4.07547
4.07558
4.07562
4.07611
4.07617
4.07619
4.07627
4.07641
4.07668
4.07669
4.0767
4.07692
4.07694
4.07736
4.07737
4.07759
4.07764
4.07782
4.0779
4.078
4.0781
4.07816
4.0783
4.07863
4.07869
4.07871
4.07874
4.07875
4.07898
4.07918
4.07925
4.07925
4.0793
4.0794
4.07947
4.07947
4.07957
4.07961
4.07963
4.07971
4.07972
4.07993
4.08
4.08014
4.08025
4.08055
4.08056
4.08058
4.08107
4.08109
4.08112
4.08125
4.08155
4.08163
4.0818
4.0819
4.08219
4.0825
4.08263
4.08265
4.08303
4.08311
4.08316
4.08348
4.08356
4.08373
4.0839
4.08397
4.08404
4.08407
4.08431
4.08436
4.08465
4.08478
4.08483
4.08488
4.08489
4.08491
4.08496
4.08502
4.08519
4.0852
4.08523
4.08527
4.08535
4.08554
4.08555
4.08564
4.08566
4.08587
4.08589
4.08602
4.08615
4.08624
4.08628
4.08641
4.08667
4.08683
4.08687
4.08703
4.08707
4.08728
4.08729
4.08753
4.08756
4.08771
4.08809
4.08816
4.08831
4.08843
4.08844
4.08844
4.08855
4.08866
4.08873
4.08883
4.08899
4.08917
4.08926
4.08932
4.08933
4.08945
4.08971
4.08983
4.08992
4.08996
4.09002
4.09037
4.09045
4.09053
4.09063
4.09071
4.09079
4.09084
4.09112
4.09155
4.09168
4.09185
4.09194
4.09197
4.09199
4.09206
4.09207
4.09215
4.0922
4.09221
4.09221
4.09241
4.09242
4.09257
4.09263
4.0928
4.09293
4.093
4.09306
4.0933
4.09358
4.09368
4.09373
4.09378
4.09378
4.09392
4.09399
4.09403
4.09409
4.09412
4.09428
4.09446
4.09476
4.09497
4.09502
4.0951
4.09513
4.09527
4.09548
4.09552
4.09577
4.09601
4.09604
4.09621
4.09623
4.09626
4.09627
4.0967
4.09683
4.09697
4.09711
4.09727
4.09739
4.09755
4.09756
4.09759
4.09767
4.09774
4.09777
4.09784
4.09794
4.09801
4.09801
4.0981
4.09823
4.09828
4.09833
4.09837
4.09859
4.09869
4.09877
4.09894
4.09895
4.09912
4.09922
4.0995
4.0995
4.09965
4.09982
4.09989
4.09994
4.09998
4.10026
4.10047
4.1007
4.10076
4.10086
4.10103
4.10105
4.1014
4.10148
4.10154
4.10182
4.10189
4.10195
4.10216
4.10224
4.10238
4.10287
4.1029
4.10299
4.10303
4.10304
4.10319
4.10319
4.10338
4.10356
4.10381
4.104
4.10419
4.10425
4.1043
4.10436
4.10463
4.10463
4.10463
4.10486
4.10496
4.10505
4.10515
4.1054
4.10551
4.10557
4.10567
4.106
4.10606
4.10614
4.10617
4.10631
4.1067
4.10711
4.1073
4.10734
4.10765
4.10779
4.10779
4.10793
4.10795
4.10796
4.10817
4.10827
4.1086
4.10868
4.10872
4.10876
4.10901
4.10945
4.10979
4.10981
4.10988
4.10988
4.11014
4.11015
4.1104
4.11071
4.11088
4.11099
4.11102
4.11124
4.11131
4.11143
4.11169
4.11173
4.11178
4.11196
4.11197
4.11207
4.11222
4.11243
4.11247
4.11268
4.11292
4.11308
4.11309
4.11346
4.11371
4.11372
4.11393
4.11424
4.11447
4.11452
4.11454
4.11464
4.11483
4.11484
4.11489
4.1149
4.11505
4.11532
4.11569
4.1161
4.1164
4.11642
4.11645
4.11648
4.11674
4.11691
4.11694
4.11704
4.11715
4.11715
4.11722
4.11729
4.1173
4.11747
4.11761
4.11766
4.11771
4.11774
4.11778
4.11792
4.11818
4.11833
4.11833
4.11841
4.11859
4.11901
4.11907
4.11918
4.11922
4.12011
4.12031
4.12044
4.12053
4.12068
4.12074
4.12112
4.12115
4.12148
4.12166
4.12184
4.12193
4.12205
4.1222
4.1222
4.12221
4.1224
4.12266
4.12276
4.12288
4.12295
4.12332
4.1237
4.12389
4.1239
4.12405
4.12411
4.12423
4.12426
4.12431
4.12432
4.12441
4.12473
4.12509
4.12531
4.12533
4.12567
4.12574
4.12585
4.12585
4.12589
4.1259
4.12591
4.12598
4.12615
4.12636
4.12643
4.12643
4.12697
4.12698
4.12712
4.12749
4.12751
4.1277
4.12771
4.12799
4.12803
4.12805
4.12833
4.12846
4.12846
4.1285
4.12865
4.12867
4.12869
4.12886
4.12894
4.1291
4.12914
4.12947
4.1297
4.12981
4.12992
4.12994
4.12997
4.13013
4.1304
4.13047
4.13049
4.13061
4.13074
4.13076
4.13103
4.13108
4.13125
4.13135
4.13139
4.1315
4.13154
4.13164
4.13166
4.13166
4.13184
4.13187
4.13198
4.13205
4.1322
4.13223
4.13253
4.13268
4.1328
4.13306
4.13312
4.13328
4.13333
4.13337
4.13366
4.13376
4.13403
4.13413
4.13419
4.13421
4.13422
4.13427
4.13436
4.13448
4.13449
4.13452
4.1347
4.13478
4.13482
4.13489
4.13515
4.13518
4.13524
4.13532
4.13542
4.13562
4.13585
4.13585
4.1359
4.1359
4.13593
4.13594
4.13603
4.13614
4.13619
4.13627
4.13632
4.13634
4.13642
4.13649
4.13652
4.13691
4.13698
4.13702
4.13707
4.1373
4.13735
4.13752
4.13788
4.13795
4.13802
4.13804
4.13812
4.13831
4.13838
4.13842
4.13846
4.13853
4.13892
4.13909
4.13934
4.13962
4.13983
4.13986
4.13994
4.14012
4.14016
4.14017
4.14059
4.14079
4.14093
4.14094
4.14104
4.14115
4.14119
4.14122
4.14123
4.14168
4.14171
4.14184
4.14189
4.14192
4.14206
4.14224
4.14224
4.14236
4.14236
4.14237
4.14271
4.14272
4.14301
4.14308
4.14314
4.14333
4.14342
4.14356
4.14381
4.14388
4.14425
4.14435
4.14437
4.14456
4.14461
4.14482
4.14485
4.14499
4.14509
4.14517
4.14521
4.14537
4.14541
4.14545
4.14584
4.14592
4.14606
4.1461
4.1461
4.14615
4.14617
4.14624
4.14625
4.14637
4.14669
4.14673
4.14681
4.14687
4.14688
4.14697
4.14698
4.14704
4.14705
4.14707
4.14718
4.14731
4.14742
4.14783
4.14786
4.14788
4.14832
4.14836
4.14838
4.14839
4.14859
4.14873
4.14874
4.14883
4.14892
4.14899
4.14913
4.14918
4.14926
4.14934
4.14953
4.14962
4.14979
4.1498
4.14982
4.14987
4.1499
4.15005
4.1501
4.15016
4.15016
4.15029
4.15055
4.15105
4.15112
4.15119
4.15121
4.15128
4.15163
4.1517
4.15171
4.15215
4.15221
4.15228
4.15237
4.15241
4.15264
4.15265
4.15266
4.15283
4.15288
4.15289
4.15289
4.15315
4.15365
4.15369
4.15373
4.15397
4.15403
4.15406
4.1547
4.15475
4.15502
4.15515
4.15517
4.15533
4.1554
4.15564
4.15574
4.15575
4.15598
4.15621
4.15625
4.15635
4.15637
4.15651
4.15651
4.15687
4.15708
4.15718
4.15725
4.15764
4.15778
4.15788
4.15807
4.15809
4.15813
4.15821
4.1583
4.15832
4.15837
4.15839
4.15852
4.15889
4.15913
4.15915
4.15923
4.1594
4.1594
4.15948
4.1595
4.15956
4.15957
4.16003
4.16003
4.16014
4.16027
4.16038
4.16076
4.16081
4.16085
4.16094
4.1611
4.16115
4.16176
4.1618
4.16212
4.16217
4.16218
4.1622
4.1623
4.16231
4.16248
4.16253
4.16268
4.16275
4.16292
4.16334
4.16341
4.16371
4.16376
4.16376
4.16396
4.164
4.164
4.16418
4.1642
4.1646
4.16461
4.16461
4.16464
4.16483
4.16511
4.16518
4.16537
4.16545
4.16566
4.16573
4.16574
4.16575
4.16591
4.16601
4.16614
4.16616
4.16618
4.16633
4.16647
4.16652
4.16655
4.16671
4.16708
4.16743
4.16763
4.16775
4.16807
4.16816
4.16825
4.16828
4.1683
4.1683
4.16836
4.16868
4.16908
4.16931
4.16941
4.16961
4.16964
4.16985
4.1701
4.17016
4.17036
4.17063
4.17066
4.17086
4.17087
4.17089
4.1711
4.17111
4.17116
4.17144
4.17159
4.17162
4.17166
4.17171
4.17199
4.17212
4.17221
4.17251
4.17256
4.17259
4.1726
4.17269
4.17272
4.17281
4.17295
4.17302
4.17328
4.17363
4.17384
4.17408
4.1741
4.17431
4.17458
4.17461
4.17493
4.1751
4.17515
4.17518
4.17524
4.17545
4.17574
4.17614
4.17641
4.17656
4.17662
4.17671
4.1769
4.17696
4.17711
4.17716
4.17739
4.17748
4.17752
4.17763
4.17791
4.17794
4.17795
4.17799
4.178
4.17807
4.17832
4.17844
4.17848
4.17849
4.17852
4.17861
4.17868
4.17875
4.17877
4.17882
4.17912
4.17912
4.17926
4.17926
4.17931
4.17936
4.17945
4.17948
4.17949
4.17952
4.17978
4.17984
4.17984
4.1799
4.17999
4.18008
4.18018
4.18047
4.18057
4.18068
4.18086
4.18091
4.18092
4.18099
4.1813
4.18165
4.18167
4.18179
4.18207
4.18226
4.18281
4.18289
4.18291
4.18296
4.18365
4.18377
4.18398
4.18412
4.18422
4.18437
4.18449
4.1845
4.18458
4.18482
4.18536
4.1855
4.18567
4.18591
4.18592
4.18599
4.1863
4.18677
4.18688
4.18698
4.18703
4.18743
4.18754
4.18756
4.18796
4.18809
4.18811
4.18825
4.18832
4.18832
4.18838
4.18858
4.18902
4.18907
4.18956
4.18956
4.1897
4.18972
4.18985
4.18992
4.19004
4.19006
4.19017
4.1902
4.19063
4.19079
4.19093
4.19094
4.19096
4.19108
4.19111
4.19117
4.19119
4.19123
4.19138
4.19147
4.19153
4.19197
4.19224
4.19273
4.19288
4.19292
4.19297
4.19304
4.19332
4.19335
4.19336
4.1936
4.19361
4.19379
4.19385
4.19392
4.194
4.19422
4.19487
4.19489
4.19497
4.19509
4.19532
4.19534
4.19537
4.19562
4.19573
4.1958
4.19582
4.19598
4.19601
4.19609
4.19626
4.19634
4.19655
4.1966
4.19668
4.19676
4.19739
4.19745
4.19753
4.19754
4.19757
4.19761
4.19784
4.1981
4.19871
4.19886
4.19919
4.19933
4.19934
4.1995
4.19966
4.20001
4.20004
4.20005
4.20039
4.20039
4.20042
4.20053
4.20072
4.20111
4.20123
4.20155
4.20156
4.2016
4.20186
4.20187
4.20223
4.20225
4.20227
4.20245
4.20269
4.20293
4.20304
4.20315
4.20319
4.20319
4.20362
4.20365
4.20444
4.20473
4.20481
4.2049
4.20492
4.205
4.20517
4.20537
4.2056
4.20568
4.20583
4.20654
4.20658
4.2067
4.20684
4.20689
4.20712
4.20719
4.20736
4.20755
4.20788
4.20788
4.20797
4.20885
4.20895
4.20902
4.20905
4.20906
4.20907
4.20909
4.20911
4.2092
4.20925
4.20927
4.20952
4.20954
4.20989
4.20996
4.21031
4.21047
4.21071
4.21085
4.21093
4.21104
4.21133
4.21149
4.21169
4.21214
4.21223
4.2123
4.21234
4.21245
4.21263
4.21265
4.2127
4.21295
4.21299
4.21303
4.21354
4.21362
4.21404
4.21421
4.21492
4.21493
4.21504
4.21511
4.21542
4.2155
4.2156
4.2158
4.21581
4.21589
4.21597
4.21599
4.21614
4.21652
4.21662
4.21662
4.21679
4.21704
4.2172
4.21721
4.21723
4.2173
4.2173
4.21755
4.21761
4.21787
4.21787
4.21818
4.21859
4.21889
4.21914
4.21918
4.21942
4.21953
4.21966
4.21966
4.21967
4.21972
4.21993
4.22027
4.22044
4.22053
4.22121
4.22125
4.22132
4.22153
4.22189
4.2219
4.22197
4.22197
4.22221
4.22235
4.22244
4.22247
4.22282
4.22285
4.22292
4.22299
4.2231
4.22315
4.22322
4.22326
4.22329
4.22398
4.224
4.2241
4.2244
4.22448
4.22466
4.22487
4.22514
4.22529
4.22541
4.22551
4.22561
4.22565
4.22568
4.22596
4.22621
4.2264
4.22675
4.22678
4.22693
4.22697
4.22723
4.22731
4.22767
4.22768
4.2277
4.22774
4.22786
4.22805
4.22809
4.22847
4.22858
4.22863
4.22874
4.22891
4.22895
4.22917
4.22938
4.22962
4.22985
4.22998
4.23014
4.23077
4.23087
4.23092
4.23101
4.23102
4.23103
4.23107
4.23125
4.23131
4.23141
4.23152
4.23159
4.2316
4.23179
4.23183
4.23202
4.23207
4.23216
4.23254
4.23262
4.2329
4.23298
4.23315
4.23348
4.23352
4.2337
4.23371
4.23384
4.23385
4.23407
4.23431
4.23439
4.2344
4.23466
4.23497
4.23546
4.23563
4.23598
4.23619
4.23625
4.23628
4.23632
4.23652
4.23675
4.23735
4.23738
4.23772
4.23799
4.23804
4.23827
4.23833
4.23835
4.23898
4.239
4.23907
4.23954
4.24008
4.24013
4.24025
4.24065
4.24072
4.2409
4.24092
4.24093
4.24095
4.24098
4.24105
4.24109
4.24121
4.24126
4.24151
4.24166
4.24222
4.24228
4.24237
4.24247
4.24275
4.24276
4.24298
4.24303
4.24311
4.24312
4.24333
4.24342
4.24367
4.24387
4.24403
4.2444
4.24461
4.24487
4.24504
4.24504
4.24516
4.24529
4.24555
4.24556
4.24562
4.24576
4.2462
4.24623
4.24715
4.24718
4.24725
4.24738
4.24751
4.24763
4.24768
4.24774
4.24781
4.24784
4.24792
4.24797
4.24805
4.24807
4.24808
4.24816
4.24835
4.24847
4.24866
4.24871
4.24886
4.24899
4.249
4.24902
4.24938
4.24945
4.24952
4.24952
4.24955
4.24969
4.24972
4.24984
4.25009
4.25021
4.25026
4.25034
4.25061
4.25077
4.25077
4.25104
4.25135
4.25172
4.25181
4.25248
4.25264
4.25265
4.25274
4.25276
4.25281
4.25336
4.25339
4.25372
4.25374
4.25377
4.25404
4.25415
4.25416
4.25421
4.25442
4.25456
4.25491
4.25502
4.25571
4.25612
4.25655
4.25667
4.25674
4.25681
4.25683
4.2569
4.25704
4.25716
4.25725
4.25737
4.25753
4.25765
4.25779
4.25805
4.25816
4.25822
4.25822
4.25838
4.25851
4.25865
4.25869
4.25881
4.25886
4.259
4.25904
4.25909
4.25917
4.25948
4.25967
4.25974
4.2598
4.25981
4.25993
4.25995
4.25995
4.26016
4.26017
4.2602
4.26067
4.26074
4.26086
4.26089
4.26092
4.26092
4.26121
4.26185
4.26189
4.26196
4.26216
4.2624
4.26266
4.26284
4.26304
4.26312
4.26323
4.26323
4.26334
4.26343
4.26356
4.26374
4.26398
4.264
4.26413
4.2643
4.26437
4.26466
4.26486
4.26498
4.26502
4.26527
4.26535
4.26549
4.26558
4.26575
4.26585
4.26593
4.26625
4.26628
4.26636
4.26649
4.26653
4.26655
4.26665
4.26697
4.26698
4.26702
4.26705
4.26714
4.26733
4.26766
4.26788
4.26789
4.26791
4.26801
4.26807
4.26807
4.26821
4.26824
4.26863
4.26878
4.26885
4.2689
4.26893
4.26916
4.26946
4.2696
4.27035
4.27058
4.27059
4.27072
4.27085
4.27093
4.27109
4.27115
4.27137
4.27146
4.27165
4.2718
4.27193
4.272
4.272
4.27211
4.27226
4.27233
4.27241
4.27258
4.27269
4.27317
4.27326
4.27365
4.27379
4.27386
4.27392
4.27415
4.27425
4.27434
4.27435
4.27438
4.27455
4.27463
4.27476
4.2749
4.27505
4.27508
4.27514
4.27519
4.27525
4.2756
4.27571
4.27577
4.27584
4.27587
4.27592
4.27598
4.27609
4.27681
4.27727
4.27727
4.2776
4.27793
4.27795
4.27812
4.27819
4.27825
4.27834
4.2787
4.27898
4.27919
4.27922
4.27923
4.27977
4.2799
4.28008
4.28023
4.28024
4.28056
4.28088
4.28137
4.28152
4.28156
4.28161
4.28161
4.28175
4.28178
4.28183
4.28197
4.2822
4.28222
4.28259
4.28275
4.28298
4.28302
4.28313
4.28315
4.28318
4.28415
4.2845
4.28461
4.28469
4.28481
4.28487
4.28493
4.28503
4.28506
4.28532
4.28537
4.28603
4.28662
4.28722
4.2873
4.28746
4.28755
4.28756
4.28776
4.28781
4.28815
4.28816
4.28821
4.28828
4.28842
4.28851
4.28854
4.28863
4.28885
4.28897
4.28923
4.28924
4.28933
4.28933
4.28971
4.28978
4.29004
4.29029
4.29044
4.29084
4.29088
4.29096
4.29098
4.29136
4.29156
4.29156
4.29164
4.29164
4.2917
4.29192
4.29218
4.29221
4.29242
4.2927
4.29296
4.29306
4.29323
4.29323
4.29364
4.29378
4.29382
4.29399
4.29428
4.29456
4.29486
4.29496
4.29535
4.2956
4.29595
4.29596
4.29618
4.2962
4.29623
4.29624
4.29646
4.29646
4.29653
4.2966
4.29667
4.29677
4.29679
4.29693
4.29703
4.29708
4.29758
4.29793
4.2981
4.29817
4.29818
4.29825
4.29839
4.29839
4.29843
4.29844
4.29904
4.29919
4.29924
4.29953
4.29955
4.29955
4.29956
4.29969
4.29978
4.30016
4.30041
4.30043
4.3006
4.30091
4.30097
4.30115
4.30127
4.30128
4.30136
4.3016
4.30171
4.30299
4.3032
4.30321
4.30383
4.30409
4.30419
4.30419
4.30453
4.30472
4.30492
4.30504
4.30525
4.30525
4.30533
4.3055
4.306
4.30601
4.30623
4.3063
4.30633
4.30686
4.30691
4.30697
4.30746
4.30767
4.30772
4.30782
4.30826
4.30835
4.30836
4.30839
4.30842
4.30858
4.30903
4.30905
4.30928
4.30938
4.30971
4.30976
4.31006
4.31008
4.31008
4.31023
4.31025
4.3105
4.31068
4.31118
4.31139
4.31148
4.31162
4.31184
4.31207
4.31219
4.31261
4.31275
4.31301
4.31319
4.31329
4.31334
4.31371
4.31401
4.31406
4.31422
4.31434
4.3144
4.31472
4.31472
4.31473
4.31486
4.31492
4.31537
4.31559
4.31583
4.31589
4.31595
4.31617
4.31623
4.31632
4.3165
4.31665
4.31667
4.31682
4.31693
4.31708
4.31822
4.31831
4.31927
4.31928
4.31976
4.31992
4.32022
4.32051
4.32056
4.32062
4.32094
4.32116
4.32116
4.32119
4.32134
4.3214
4.32164
4.32195
4.32208
4.32216
4.32285
4.32293
4.32301
4.32301
4.32303
4.32332
4.32358
4.32363
4.32369
4.32394
4.32411
4.32443
4.3245
4.32476
4.32487
4.32524
4.32537
4.32572
4.32602
4.32616
4.3266
4.3266
4.32666
4.3267
4.32681
4.32701
4.32786
4.32792
4.32801
4.32819
4.32849
4.32869
4.32874
4.32903
4.32905
4.32966
4.32966
4.32967
4.32975
4.32977
4.32995
4.32998
4.33003
4.33022
4.33056
4.33075
4.33096
4.33125
4.3313
4.3317
4.33172
4.33181
4.33269
4.33284
4.333
4.33321
4.33345
4.33355
4.33355
4.33417
4.33445
4.33448
4.33463
4.33464
4.33479
4.33498
4.33501
4.33533
4.3357
4.33578
4.3361
4.33632
4.33633
4.33646
4.33646
4.33671
4.33703
4.33706
4.33714
4.3374
4.33765
4.33796
4.33841
4.33857
4.33877
4.3388
4.33949
4.34008
4.34013
4.34031
4.34065
4.34112
4.34142
4.34333
4.34345
4.34363
4.34365
4.34382
4.3439
4.34399
4.344
4.34439
4.34452
4.34456
4.34485
4.34506
4.34511
4.34544
4.34622
4.34641
4.34643
4.34646
4.34652
4.34717
4.34726
4.34735
4.34761
4.34785
4.34791
4.34808
4.34812
4.34816
4.34832
4.34837
4.34859
4.34866
4.34879
4.34901
4.34906
4.34913
4.34921
4.34924
4.34927
4.34997
4.35012
4.35042
4.35046
4.35075
4.35077
4.35114
4.35117
4.35118
4.35125
4.35147
4.35183
4.35189
4.35201
4.35205
4.35227
4.35233
4.35241
4.35245
4.35263
4.35293
4.35335
4.35416
4.35418
4.35419
4.35421
4.35431
4.35448
4.35459
4.35476
4.35494
4.35568
4.35585
4.35595
4.35595
4.35603
4.3561
4.35619
4.3564
4.35664
4.35679
4.35718
4.35769
4.35785
4.35803
4.35821
4.35931
4.35958
4.35988
4.36051
4.36071
4.3608
4.36104
4.3612
4.36142
4.36158
4.36204
4.36226
4.36228
4.3629
4.36325
4.36343
4.36362
4.36366
4.36422
4.3643
4.3643
4.36485
4.36492
4.36501
4.36544
4.3655
4.36587
4.36634
4.3665
4.3666
4.36662
4.36676
4.36677
4.3668
4.36713
4.3672
4.36749
4.36772
4.36851
4.36869
4.36881
4.36918
4.3693
4.36949
4.36981
4.37032
4.37078
4.37095
4.37103
4.37117
4.37126
4.37143
4.37174
4.37176
4.37192
4.3721
4.37234
4.37263
4.37268
4.37293
4.3733
4.37343
4.37405
4.37457
4.37459
4.37464
4.37468
4.37471
4.37563
4.37583
4.37643
4.37648
4.37652
4.37666
4.37743
4.37776
4.37781
4.3779
4.3781
4.37818
4.37825
4.37835
4.37872
4.3789
4.37902
4.37945
4.37953
4.37975
4.38001
4.3803
4.38043
4.38051
4.38052
4.38083
4.38211
4.38233
4.38234
4.38264
4.38275
4.38326
4.38395
4.38405
4.38407
4.38465
4.38486
4.38515
4.38528
4.38577
4.38589
4.38591
4.3861
4.38618
4.3862
4.38645
4.38663
4.38779
4.38795
4.38813
4.38848
4.38866
4.38883
4.38888
4.38918
4.38931
4.39064
4.39089
4.39091
4.39095
4.39138
4.39155
4.39155
4.3916
4.39167
4.39214
4.3922
4.3927
4.39277
4.39292
4.39317
4.39319
4.3933
4.39362
4.39391
4.39414
4.3942
4.39469
4.39469
4.39477
4.39497
4.39566
4.39602
4.39612
4.3962
4.39635
4.39659
4.39695
4.39728
4.39777
4.39825
4.39866
4.39873
4.39917
4.39922
4.39927
4.39928
4.39968
4.39996
4.40035
4.40055
4.4006
4.40084
4.40105
4.40119
4.4016
4.40167
4.40184
4.40186
4.40232
4.40232
4.40259
4.40264
4.40293
4.40373
4.40442
4.40459
4.40474
4.4049
4.40495
4.40501
4.40532
4.4058
4.40611
4.40621
4.40625
4.40708
4.40717
4.40721
4.40798
4.40836
4.4087
4.40932
4.40939
4.40942
4.40971
4.40982
4.41033
4.41034
4.41041
4.41043
4.41064
4.41079
4.41101
4.41128
4.41161
4.41171
4.41191
4.41195
4.41249
4.41288
4.41302
4.41307
4.41322
4.41405
4.41415
4.41463
4.41469
4.41491
4.41544
4.4155
4.41572
4.41588
4.41611
4.41636
4.41654
4.41668
4.41678
4.41719
4.41724
4.4184
4.41842
4.41844
4.41845
4.41865
4.41885
4.41908
4.41937
4.41948
4.41976
4.41989
4.42074
4.4208
4.42086
4.42093
4.42097
4.42121
4.42134
4.42229
4.42238
4.4226
4.42307
4.42311
4.42385
4.42434
4.4253
4.42531
4.42556
4.42557
4.42562
4.42575
4.4264
4.42642
4.42661
4.42685
4.42714
4.4275
4.42773
4.4279
4.428
4.42802
4.42809
4.4284
4.42896
4.42896
4.42915
4.42945
4.42956
4.42957
4.43049
4.43145
4.43157
4.43174
4.43213
4.43315
4.4333
4.43369
4.434
4.43463
4.43491
4.43493
4.43537
4.43572
4.43574
4.43627
4.43659
4.43663
4.43749
4.43752
4.43789
4.43827
4.43885
4.43909
4.43945
4.43989
4.44105
4.44113
4.44121
4.44126
4.44243
4.44254
4.44337
4.44405
4.44448
4.44472
4.44496
4.44506
4.44542
4.44553
4.44588
4.4462
4.44649
4.44652
4.4468
4.44697
4.44709
4.44709
4.44737
4.44789
4.44797
4.44816
4.44908
4.44924
4.45093
4.451
4.45197
4.45218
4.45289
4.45308
4.45345
4.45351
4.45427
4.45471
4.45498
4.45536
4.45651
4.45745
4.45763
4.4581
4.45842
4.45846
4.45879
4.4601
4.46093
4.46111
4.46187
4.46237
4.46246
4.46277
4.46282
4.46284
4.46322
4.46325
4.46326
4.46377
4.4652
4.466
4.46629
4.46663
4.46693
4.46693
4.46731
4.46737
4.46789
4.46808
4.46967
4.47021
4.47069
4.47132
4.47157
4.47164
4.47194
4.47284
4.47347
4.47397
4.47421
4.47446
4.47512
4.47559
4.47691
4.47744
4.47777
4.47779
4.47789
4.4789
4.47895
4.47902
4.4792
4.48023
4.48035
4.48046
4.48093
4.48141
4.48156
4.4818
4.48241
4.48241
4.48292
4.48317
4.48347
4.4835
4.48399
4.48409
4.48601
4.48676
4.48692
4.48768
4.48866
4.48912
4.48944
4.49008
4.49104
4.49106
4.49116
4.49128
4.49211
4.49338
4.4935
4.49353
4.49543
4.49612
4.49641
4.49659
4.49724
4.49806
4.50057
4.50064
4.5019
4.50198
4.50312
4.50374
4.50387
4.50495
4.50524
4.50543
4.50555
4.50654
4.50656
4.50688
4.50849
4.50916
4.50982
4.51194
4.51268
4.51461
4.51596
4.51637
4.51894
4.51994
4.52055
4.52066
4.52092
4.52094
4.52178
4.52527
4.526
4.52663
4.53037
4.53056
4.53214
4.53276
4.53392
4.53424
4.53463
4.53491
4.53647
4.53651
4.53785
4.53864
4.53903
4.53931
4.54032
4.54135
4.54189
4.54468
4.54502
4.54558
4.54601
4.54601
4.54626
4.55051
4.55127
4.55186
4.55241
4.55375
4.55453
4.55488
4.55764
4.55872
4.55899
4.56124
4.56156
4.56316
4.56416
4.56531
4.56729
4.56856
4.56917
4.56923
4.57068
4.57106
4.57133
4.57441
4.57473
4.57488
4.57668
4.57679
4.57935
4.58242
4.58303
4.58697
4.59012
4.59122
4.59126
4.59237
4.59272
4.59274
4.59366
4.59368
4.5945
4.59527
4.59807
4.60126
4.60236
4.60238
4.6028
4.60522
4.60954
4.61126
4.61218
4.61264
4.61434
4.61553
4.61642
4.61735
4.6198
4.62493
4.62922
4.62966
4.6342
4.63588
4.6379
4.64381
4.6442
4.65635
4.65692
4.65925
4.65945
4.6635
4.68851
4.68933
4.69131
4.69152
4.70293
4.71898
4.74393
4.76226
4.77331
4.77383
4.785
4.80092
4.8012
4.89439
