17.4098
17.4136
17.4177
17.4363
17.4967
17.5038
17.5132
17.5306
17.5409
17.5523
17.5526
17.5562
17.5618
17.5699
17.5705
17.5711
17.5745
17.5781
17.5802
17.5836
17.5842
17.594
17.5944
17.5973
17.5988
17.5993
17.6024
17.604
17.608
17.6085
17.6087
17.6124
17.613
17.6134
17.6143
17.6144
17.6147
17.6182
17.6206
17.6224
17.6277
17.6287
17.6321
17.6343
17.6419
17.6419
17.6426
17.6442
17.6458
17.6496
17.6502
17.6575
17.6589
17.6673
17.6675
17.6679
17.6685
17.6712
17.673
17.6732
17.6761
17.6762
17.6771
17.6774
17.6815
17.685
17.6862
17.6865
17.6894
17.6904
17.6916
17.6921
17.6957
17.6958
17.699
17.7005
17.7029
17.7034
17.7034
17.7038
17.7055
17.7073
17.7115
17.7117
17.7142
17.716
17.7165
17.7167
17.7198
17.7201
17.7207
17.7208
17.7219
17.7233
17.7236
17.7238
17.7247
17.7252
17.7299
17.7307
17.7318
17.7335
17.7336
17.7339
17.7345
17.7345
17.7347
17.7361
17.739
17.7392
17.7396
17.7397
17.7398
17.7399
17.7407
17.742
17.7423
17.7442
17.7453
17.7468
17.7475
17.7487
17.7494
17.7499
17.7503
17.7503
17.7515
17.7516
17.7539
17.7545
17.7545
17.7558
17.7563
17.7577
17.7592
17.7604
17.7608
17.7614
17.765
17.7653
17.7664
17.7667
17.7676
17.7677
17.768
17.7683
17.7683
17.7689
17.7697
17.772
17.772
17.7721
17.7736
17.7738
17.7756
17.7757
17.776
17.7765
17.778
17.7784
17.7784
17.7786
17.7792
17.7801
17.7812
17.7815
17.7817
17.7822
17.7824
17.7826
17.7844
17.7851
17.7854
17.7857
17.7861
17.7873
17.7878
17.7882
17.7887
17.7897
17.7913
17.7932
17.7942
17.7945
17.7961
17.7962
17.7972
17.7974
17.798
17.7983
17.8005
17.8006
17.8014
17.8016
17.802
17.8032
17.8054
17.8062
17.8063
17.8072
17.8075
17.8079
17.8089
17.8095
17.8096
17.8109
17.8114
17.812
17.8124
17.813
17.8143
17.8152
17.8156
17.8157
17.8174
17.818
17.8182
17.8188
17.8193
17.8217
17.822
17.8223
17.8224
17.8234
17.8242
17.825
17.8251
17.8255
17.8258
17.8276
17.828
17.8285
17.8288
17.8292
17.8295
17.83
17.8302
17.8307
17.831
17.8317
17.8319
17.8319
17.8319
17.8324
17.8328
17.8331
17.8339
17.8341
17.8341
17.8348
17.8349
17.8352
17.8357
17.8358
17.8359
17.836
17.8362
17.8368
17.8375
17.8376
17.8379
17.8382
17.8383
17.8386
17.8396
17.8403
17.8411
17.8412
17.8424
17.8425
17.8425
17.8427
17.8436
17.8441
17.8451
17.8458
17.8465
17.8466
17.8469
17.847
17.8471
17.8472
17.8474
17.8488
17.849
17.849
17.8504
17.8504
17.8504
17.8506
17.8509
17.8511
17.8523
17.8538
17.8538
17.854
17.8541
17.8558
17.8568
17.8578
17.858
17.8592
17.8598
17.8602
17.8603
17.8611
17.8618
17.8627
17.863
17.8632
17.8639
17.8645
17.8648
17.865
17.8655
17.8666
17.8677
17.8677
17.8684
17.869
17.8691
17.8691
17.8691
17.8693
17.8696
17.8699
17.8707
17.8709
17.8709
17.8718
17.8725
17.8729
17.8746
17.8759
17.8761
17.8762
17.8764
17.8769
17.877
17.877
17.8771
17.8772
17.8772
17.8777
17.8777
17.8782
17.8784
17.8786
17.8788
17.8791
17.8795
17.8796
17.8797
17.88
17.8802
17.8806
17.8811
17.8814
17.8814
17.8818
17.8819
17.882
17.883
17.8839
17.8841
17.8843
17.8845
17.8852
17.8858
17.8859
17.8859
17.886
17.8861
17.8868
17.8875
17.8883
17.8883
17.8887
17.8888
17.8892
17.8894
17.8902
17.8907
17.8908
17.891
17.8923
17.8923
17.8926
17.8929
17.894
17.8944
17.8944
17.8949
17.8949
17.8957
17.8963
17.8969
17.8976
17.8979
17.898
17.8981
17.8986
17.8988
17.9011
17.9016
17.9016
17.9017
17.9022
17.9023
17.9026
17.9036
17.9038
17.9041
17.9041
17.9043
17.9045
17.9046
17.905
17.9051
17.9058
17.9059
17.9059
17.9068
17.9075
17.9083
17.9088
17.9097
17.9104
17.9106
17.911
17.911
17.9113
17.9114
17.9116
17.9117
17.9126
17.9128
17.9128
17.913
17.9131
17.9132
17.9136
17.914
17.9142
17.9143
17.9146
17.9149
17.9167
17.9168
17.9172
17.9172
17.9173
17.9177
17.9179
17.9181
17.9182
17.9184
17.9184
17.9187
17.9188
17.919
17.9191
17.9193
17.9194
17.9195
17.9196
17.9203
17.921
17.9211
17.9212
17.9212
17.9214
17.9215
17.9217
17.9218
17.9218
17.9219
17.9225
17.9225
17.9226
17.9228
17.9233
17.9234
17.9236
17.9239
17.9241
17.9244
17.9245
17.9247
17.9249
17.9253
17.9261
17.9264
17.9266
17.9267
17.9268
17.9268
17.9269
17.9272
17.9272
17.9272
17.9277
17.9291
17.9296
17.9297
17.93
17.9303
17.9305
17.9307
17.9307
17.9308
17.9308
17.9308
17.9311
17.9313
17.9314
17.9314
17.9316
17.9318
17.9324
17.9325
17.9326
17.9331
17.9333
17.9338
17.9338
17.935
17.935
17.9353
17.9356
17.9357
17.9359
17.9361
17.9369
17.9369
17.937
17.9372
17.9373
17.9375
17.9376
17.9379
17.938
17.938
17.938
17.938
17.9381
17.9385
17.9385
17.9385
17.9386
17.9387
17.9389
17.9394
17.9396
17.94
17.9403
17.9403
17.9403
17.9409
17.9411
17.9412
17.9414
17.9415
17.9422
17.9423
17.9429
17.9436
17.9437
17.9437
17.9442
17.9445
17.9451
17.9456
17.9456
17.9458
17.9461
17.9464
17.9471
17.9474
17.9475
17.9476
17.9478
17.9481
17.9481
17.9482
17.9483
17.9485
17.9485
17.9487
17.9488
17.9489
17.9489
17.9491
17.9492
17.9509
17.9516
17.9517
17.9518
17.9519
17.9523
17.9529
17.9533
17.9537
17.9541
17.9542
17.9545
17.9546
17.9553
17.9557
17.9558
17.9559
17.9561
17.9563
17.9565
17.9565
17.9566
17.9566
17.9569
17.957
17.9571
17.9571
17.9574
17.9576
17.9577
17.9581
17.9582
17.9582
17.9582
17.9582
17.9588
17.9598
17.9603
17.9606
17.9608
17.9608
17.9615
17.9618
17.962
17.9621
17.9622
17.9623
17.9625
17.9629
17.9639
17.9641
17.9642
17.9643
17.9644
17.965
17.965
17.9654
17.9655
17.966
17.9666
17.9666
17.967
17.9672
17.9674
17.9674
17.9678
17.9678
17.968
17.9685
17.9685
17.9686
17.9686
17.969
17.9692
17.9693
17.9694
17.9696
17.9699
17.9699
17.9708
17.9709
17.9711
17.9715
17.9715
17.972
17.9721
17.9724
17.9725
17.9726
17.9729
17.9736
17.9739
17.9741
17.9741
17.9748
17.9749
17.975
17.975
17.9751
17.9751
17.9753
17.9755
17.9756
17.9757
17.9757
17.9759
17.9759
17.976
17.9762
17.9762
17.9763
17.9764
17.9769
17.977
17.9771
17.9773
17.9774
17.9774
17.9778
17.9781
17.9782
17.9783
17.9785
17.9788
17.979
17.9792
17.9793
17.9797
17.9797
17.9799
17.98
17.9801
17.9803
17.9805
17.9807
17.9807
17.9809
17.9811
17.9812
17.9816
17.982
17.9822
17.9825
17.9835
17.9835
17.9836
17.9837
17.9837
17.9838
17.9841
17.9842
17.9847
17.9851
17.9855
17.9855
17.9856
17.9856
17.9858
17.9862
17.9863
17.9864
17.9866
17.9868
17.9868
17.9868
17.9869
17.9869
17.9871
17.9871
17.9871
17.9872
17.9872
17.9872
17.9875
17.9876
17.9877
17.9878
17.988
17.9881
17.9882
17.9883
17.9888
17.9889
17.9889
17.9893
17.9897
17.9899
17.99
17.9902
17.9902
17.9902
17.9903
17.9904
17.9904
17.9906
17.9911
17.9912
17.9917
17.992
17.992
17.9922
17.9924
17.9928
17.9929
17.9931
17.9932
17.9933
17.9935
17.9937
17.9937
17.9939
17.9944
17.9946
17.9947
17.9948
17.9948
17.9949
17.9949
17.995
17.9952
17.9954
17.9957
17.9959
17.9959
17.9962
17.9962
17.9963
17.9963
17.9964
17.9965
17.9968
17.9969
17.9971
17.9975
17.9976
17.9977
17.998
17.9981
17.9982
17.9991
17.9991
17.9991
17.9992
17.9997
17.9997
17.9998
17.9999
18.0001
18.0003
18.0004
18.0009
18.0012
18.0012
18.0013
18.0013
18.0014
18.0015
18.0015
18.0017
18.0022
18.0029
18.0031
18.0034
18.0034
18.0034
18.0035
18.0035
18.0037
18.004
18.0041
18.0042
18.0043
18.0044
18.0047
18.0048
18.0054
18.0054
18.0057
18.0059
18.006
18.0068
18.0071
18.0073
18.0074
18.0077
18.008
18.0081
18.0083
18.0086
18.0086
18.0087
18.009
18.0093
18.0097
18.0097
18.0099
18.0101
18.0101
18.0102
18.0103
18.0104
18.0105
18.0107
18.0108
18.0109
18.0114
18.0116
18.0117
18.0123
18.0123
18.0125
18.0127
18.0127
18.0129
18.013
18.0134
18.0135
18.0135
18.014
18.0141
18.0145
18.0147
18.0147
18.0148
18.0149
18.015
18.0153
18.0158
18.0158
18.0161
18.0165
18.0167
18.0168
18.0169
18.0172
18.0173
18.0176
18.0176
18.0177
18.018
18.018
18.0181
18.0183
18.0185
18.0185
18.0187
18.0188
18.0188
18.0189
18.0195
18.0201
18.0203
18.0204
18.0205
18.0208
18.0217
18.0218
18.0219
18.022
18.022
18.0222
18.0224
18.0225
18.0227
18.0227
18.0233
18.0234
18.0236
18.0236
18.0237
18.024
18.0242
18.0242
18.0245
18.0247
18.0247
18.0248
18.0248
18.025
18.0254
18.0257
18.026
18.0265
18.0268
18.0271
18.0271
18.0271
18.0273
18.0273
18.0275
18.0278
18.0283
18.0284
18.0291
18.0297
18.0298
18.0298
18.0301
18.0303
18.0307
18.0308
18.0316
18.0318
18.0318
18.0326
18.0328
18.0329
18.033
18.0331
18.0333
18.0333
18.0334
18.0336
18.0337
18.034
18.0342
18.0343
18.035
18.0352
18.0352
18.0352
18.0356
18.0356
18.0361
18.0363
18.0371
18.0372
18.0374
18.0375
18.0377
18.0378
18.038
18.0384
18.0385
18.0385
18.0386
18.0388
18.0389
18.0389
18.0389
18.0393
18.0397
18.0397
18.0398
18.0398
18.0398
18.0399
18.0401
18.0404
18.0407
18.0409
18.0409
18.041
18.0415
18.0417
18.0418
18.0418
18.0418
18.0419
18.042
18.0421
18.0421
18.0423
18.0424
18.0424
18.0426
18.0426
18.0427
18.0429
18.043
18.0431
18.0432
18.0432
18.0434
18.0442
18.0443
18.0443
18.0446
18.0446
18.0447
18.0447
18.045
18.0451
18.0453
18.046
18.046
18.0463
18.0463
18.0463
18.0463
18.0464
18.0467
18.0468
18.047
18.0471
18.0472
18.0475
18.0475
18.0476
18.0477
18.048
18.0481
18.0481
18.0484
18.0488
18.0492
18.0492
18.0492
18.0492
18.0492
18.0493
18.0494
18.0494
18.0495
18.0495
18.0497
18.0497
18.0503
18.051
18.0511
18.0512
18.0514
18.0514
18.0517
18.0517
18.0518
18.0518
18.0519
18.0524
18.0525
18.0525
18.0527
18.0527
18.0527
18.0531
18.0534
18.054
18.0541
18.0543
18.0548
18.0549
18.055
18.0551
18.0551
18.0552
18.0552
18.0554
18.0557
18.0558
18.056
18.0561
18.0562
18.0562
18.0563
18.0563
18.0564
18.0567
18.0567
18.0567
18.057
18.0571
18.0571
18.0571
18.0573
18.0574
18.0574
18.0577
18.0577
18.0578
18.0578
18.0578
18.0579
18.058
18.0582
18.0586
18.0586
18.0586
18.0587
18.0587
18.0589
18.0592
18.06
18.0603
18.0604
18.0605
18.0605
18.0606
18.0607
18.0608
18.0608
18.0611
18.0614
18.0614
18.0614
18.0615
18.0618
18.0618
18.0618
18.0622
18.0624
18.0626
18.063
18.0632
18.0634
18.0635
18.0637
18.0637
18.0638
18.0639
18.064
18.0641
18.0642
18.0642
18.0643
18.0647
18.0648
18.0648
18.0648
18.065
18.0652
18.0654
18.0654
18.0655
18.0657
18.0658
18.0659
18.0663
18.0667
18.0667
18.0668
18.0669
18.067
18.067
18.0671
18.0671
18.0672
18.0676
18.0676
18.0678
18.068
18.0682
18.0683
18.0685
18.0687
18.0688
18.0688
18.069
18.0694
18.0694
18.0695
18.0696
18.0697
18.0698
18.07
18.0703
18.0704
18.0704
18.0705
18.0706
18.0709
18.0712
18.0712
18.0713
18.0717
18.0719
18.0724
18.0724
18.0724
18.0724
18.0725
18.0728
18.0731
18.0732
18.0734
18.0736
18.0737
18.0739
18.0743
18.0745
18.0748
18.0749
18.075
18.0751
18.0753
18.0757
18.0758
18.0764
18.0768
18.0768
18.0769
18.077
18.0771
18.0771
18.0772
18.0775
18.0781
18.0782
18.0783
18.0785
18.0788
18.0789
18.0792
18.0793
18.0794
18.0795
18.0795
18.0795
18.0795
18.0796
18.0799
18.08
18.0801
18.0801
18.0806
18.0807
18.0807
18.0807
18.0809
18.081
18.0811
18.0811
18.0813
18.0814
18.0815
18.0816
18.0816
18.0817
18.0818
18.0818
18.082
18.0821
18.0823
18.0823
18.0825
18.0825
18.0828
18.083
18.0833
18.0834
18.0837
18.0839
18.0841
18.0842
18.0843
18.0844
18.0844
18.0845
18.0847
18.0847
18.085
18.0851
18.0852
18.0853
18.0853
18.086
18.086
18.0863
18.0863
18.0871
18.0876
18.0876
18.0882
18.0883
18.0884
18.0884
18.0885
18.0886
18.0887
18.0889
18.0891
18.0893
18.0894
18.0896
18.0898
18.0902
18.0902
18.0902
18.0904
18.0905
18.0907
18.0907
18.0909
18.0909
18.091
18.0911
18.0913
18.0913
18.0914
18.0918
18.0921
18.0921
18.0922
18.0922
18.0924
18.093
18.093
18.0931
18.0934
18.0935
18.0936
18.0937
18.094
18.094
18.0942
18.0944
18.0944
18.0945
18.0957
18.0957
18.0959
18.0962
18.0964
18.0966
18.0966
18.0967
18.0969
18.0972
18.0977
18.0978
18.0979
18.0986
18.0986
18.099
18.0992
18.0996
18.0998
18.0999
18.1
18.1003
18.1003
18.1003
18.1005
18.1005
18.1008
18.1012
18.1013
18.1013
18.1014
18.1015
18.102
18.1021
18.1024
18.1034
18.1034
18.1035
18.1036
18.1037
18.1037
18.104
18.1041
18.1041
18.1043
18.1044
18.1047
18.1048
18.105
18.1051
18.1052
18.1055
18.1057
18.1058
18.1059
18.1059
18.1062
18.1067
18.1067
18.1068
18.1068
18.1075
18.1077
18.1078
18.1083
18.1087
18.1088
18.1089
18.109
18.1091
18.1093
18.1093
18.1094
18.1097
18.1097
18.11
18.1107
18.1108
18.1109
18.1111
18.1112
18.1113
18.1113
18.1114
18.1115
18.1116
18.1116
18.1118
18.1119
18.1121
18.1122
18.1122
18.1123
18.1125
18.1126
18.1126
18.1127
18.1127
18.1128
18.1129
18.113
18.113
18.113
18.1131
18.1131
18.1131
18.1134
18.1137
18.114
18.1141
18.1142
18.1144
18.1144
18.1144
18.1145
18.1145
18.1147
18.1149
18.115
18.115
18.1152
18.1154
18.1155
18.1155
18.1156
18.1156
18.1157
18.1157
18.1158
18.1162
18.1164
18.1167
18.1169
18.1169
18.1171
18.1172
18.1173
18.1175
18.1176
18.1178
18.118
18.118
18.1183
18.1186
18.1186
18.1188
18.1188
18.1189
18.1189
18.119
18.119
18.119
18.1198
18.1198
18.1199
18.12
18.12
18.1201
18.1204
18.1205
18.1205
18.1205
18.1205
18.1207
18.1207
18.1208
18.1209
18.121
18.1211
18.1211
18.1212
18.1216
18.1216
18.1216
18.1219
18.122
18.122
18.1221
18.1221
18.1222
18.1223
18.1223
18.1223
18.1227
18.1227
18.1231
18.1232
18.1234
18.1235
18.1241
18.1241
18.1242
18.1242
18.1242
18.1245
18.1245
18.1245
18.1246
18.1249
18.1249
18.125
18.1251
18.1251
18.1251
18.1254
18.1254
18.1256
18.1259
18.126
18.1262
18.1263
18.1264
18.1265
18.127
18.1272
18.1275
18.1275
18.1276
18.1278
18.1283
18.1283
18.1285
18.1285
18.129
18.1293
18.1296
18.1298
18.1299
18.1299
18.1306
18.1311
18.1312
18.1312
18.1313
18.1314
18.1315
18.1315
18.1316
18.1316
18.1317
18.1317
18.1321
18.1321
18.1323
18.1325
18.1328
18.133
18.133
18.133
18.1331
18.1335
18.1335
18.1341
18.1344
18.1345
18.1346
18.1346
18.1347
18.1348
18.1348
18.1351
18.1352
18.1352
18.1352
18.1352
18.1353
18.1355
18.1357
18.1357
18.1358
18.136
18.1363
18.1364
18.1365
18.1365
18.1367
18.1374
18.1378
18.1381
18.1381
18.1381
18.1382
18.1382
18.1383
18.1384
18.1384
18.1385
18.1385
18.1386
18.1387
18.1391
18.1392
18.1393
18.1395
18.1398
18.14
18.14
18.1401
18.1403
18.1403
18.1405
18.1407
18.1409
18.1411
18.1411
18.1412
18.1412
18.1413
18.1413
18.1414
18.1414
18.1418
18.142
18.1421
18.1422
18.1432
18.1434
18.1434
18.1436
18.1437
18.1437
18.1438
18.1439
18.1439
18.1442
18.1442
18.1444
18.1445
18.1445
18.1448
18.1448
18.1448
18.1449
18.1451
18.1451
18.1452
18.1452
18.1453
18.1454
18.1457
18.1458
18.1458
18.1459
18.146
18.1462
18.1463
18.1467
18.1467
18.1469
18.147
18.1472
18.1472
18.1472
18.1473
18.1478
18.1479
18.1479
18.148
18.148
18.148
18.1481
18.1481
18.1486
18.1488
18.1491
18.1491
18.1493
18.1496
18.1499
18.1499
18.1501
18.1501
18.1502
18.1503
18.1504
18.1507
18.1509
18.1509
18.151
18.1511
18.1511
18.1515
18.152
18.152
18.1523
18.1523
18.1523
18.1525
18.1527
18.1528
18.1528
18.1529
18.153
18.1532
18.1532
18.1533
18.1534
18.1537
18.1539
18.1539
18.154
18.1542
18.1543
18.1548
18.155
18.155
18.155
18.1551
18.1551
18.1552
18.1553
18.1554
18.1555
18.1555
18.1556
18.1559
18.1559
18.156
18.156
18.1562
18.1562
18.1564
18.1565
18.1568
18.1569
18.157
18.157
18.1571
18.1573
18.1574
18.1575
18.1578
18.158
18.158
18.1587
18.1589
18.1589
18.1591
18.1591
18.1591
18.1591
18.1592
18.1593
18.1594
18.1594
18.1597
18.1597
18.1598
18.1599
18.16
18.16
18.1601
18.1601
18.1602
18.1605
18.1606
18.1606
18.1606
18.1611
18.1612
18.1613
18.1614
18.1616
18.1619
18.1623
18.1623
18.1624
18.1624
18.1625
18.1626
18.1627
18.1627
18.1629
18.163
18.1632
18.1633
18.1635
18.1637
18.164
18.1641
18.1641
18.1644
18.1646
18.1653
18.1655
18.1656
18.1656
18.166
18.1665
18.1665
18.1667
18.1668
18.1668
18.1669
18.1669
18.1671
18.1671
18.1674
18.1676
18.1677
18.1677
18.1677
18.168
18.168
18.1681
18.1681
18.1681
18.1683
18.1684
18.1684
18.1685
18.1685
18.1686
18.1686
18.1686
18.1687
18.1694
18.1694
18.1701
18.1702
18.1703
18.1705
18.1708
18.1708
18.1708
18.1708
18.1709
18.1711
18.1711
18.1714
18.1715
18.1716
18.1719
18.172
18.1721
18.1722
18.1722
18.1722
18.1724
18.1725
18.1726
18.1726
18.1726
18.1726
18.1726
18.1728
18.173
18.173
18.1731
18.1731
18.1731
18.1735
18.1735
18.1735
18.1736
18.1737
18.1739
18.1739
18.174
18.174
18.174
18.1742
18.1743
18.1745
18.1745
18.1746
18.1746
18.1747
18.1748
18.1748
18.175
18.1758
18.1762
18.1763
18.1765
18.1768
18.1771
18.1771
18.1771
18.1772
18.1773
18.1774
18.1774
18.1775
18.1775
18.1777
18.1781
18.1782
18.1784
18.1785
18.1787
18.1787
18.1789
18.1793
18.1793
18.1795
18.1796
18.1797
18.1797
18.1798
18.1799
18.18
18.1801
18.1803
18.1806
18.1807
18.1808
18.1811
18.1811
18.1811
18.1812
18.1812
18.1812
18.1813
18.1815
18.1816
18.1817
18.1819
18.1825
18.1825
18.1825
18.1827
18.1827
18.1829
18.1829
18.183
18.183
18.1831
18.1832
18.1832
18.1833
18.1834
18.1836
18.1838
18.1842
18.1842
18.1843
18.1844
18.1845
18.1846
18.185
18.1853
18.1853
18.1855
18.1857
18.1858
18.1859
18.1859
18.186
18.1861
18.1865
18.1867
18.1869
18.187
18.1872
18.1872
18.1875
18.1876
18.1877
18.1881
18.1882
18.1882
18.1883
18.1886
18.1887
18.1888
18.1888
18.189
18.1893
18.1894
18.1897
18.1897
18.1898
18.1899
18.19
18.19
18.19
18.19
18.1902
18.1903
18.1903
18.1903
18.1904
18.1906
18.1907
18.1907
18.1907
18.1907
18.1909
18.1911
18.1911
18.1913
18.1913
18.1915
18.1917
18.1917
18.1918
18.1918
18.1918
18.1919
18.192
18.1921
18.1922
18.1925
18.1925
18.1926
18.1928
18.1929
18.1931
18.1931
18.1931
18.1931
18.1934
18.1938
18.194
18.194
18.1941
18.1944
18.1947
18.1947
18.1948
18.1949
18.1949
18.1951
18.1951
18.1952
18.1955
18.1955
18.1956
18.1957
18.1958
18.1961
18.1963
18.1963
18.1963
18.1964
18.1964
18.1964
18.1965
18.1965
18.1968
18.1969
18.1969
18.1971
18.1974
18.1975
18.1976
18.1979
18.1981
18.1983
18.1984
18.1984
18.1986
18.1987
18.1987
18.1987
18.1988
18.1988
18.199
18.199
18.1991
18.1991
18.1992
18.1993
18.1994
18.1994
18.1996
18.1996
18.1999
18.1999
18.2002
18.2003
18.2003
18.2003
18.2004
18.2006
18.2006
18.2007
18.2009
18.2011
18.2013
18.2014
18.2016
18.2017
18.2019
18.2021
18.2024
18.2024
18.2024
18.2025
18.2026
18.2026
18.203
18.2031
18.2032
18.2032
18.2034
18.2036
18.2036
18.2036
18.2037
18.2037
18.2038
18.2038
18.2039
18.2039
18.2039
18.2041
18.2044
18.2045
18.2045
18.2046
18.2047
18.2048
18.2048
18.2049
18.2049
18.205
18.2053
18.2054
18.2057
18.2058
18.2058
18.2061
18.2063
18.2063
18.2063
18.2063
18.2067
18.2067
18.2068
18.2071
18.2072
18.2075
18.2075
18.2075
18.2076
18.2077
18.2078
18.2078
18.2081
18.2087
18.2087
18.2087
18.209
18.2091
18.2092
18.2096
18.2096
18.2101
18.2103
18.2104
18.2106
18.2106
18.2106
18.2111
18.2113
18.2114
18.2115
18.2118
18.2119
18.2119
18.212
18.2122
18.2129
18.2131
18.2132
18.2135
18.2135
18.2135
18.2135
18.2136
18.2138
18.2139
18.214
18.2143
18.2143
18.2144
18.2145
18.2148
18.2148
18.2149
18.215
18.2151
18.2154
18.2154
18.2155
18.2157
18.2159
18.2161
18.2162
18.2162
18.2164
18.2164
18.2165
18.2165
18.2165
18.2166
18.2167
18.2168
18.2168
18.2169
18.217
18.217
18.2171
18.2171
18.2172
18.2173
18.2173
18.2177
18.2178
18.2181
18.2182
18.2182
18.2183
18.2184
18.2185
18.2185
18.2186
18.2191
18.2192
18.2192
18.2193
18.2195
18.2195
18.2196
18.2196
18.2198
18.22
18.2201
18.2205
18.2205
18.2208
18.221
18.2211
18.2215
18.2215
18.2217
18.2218
18.2218
18.2219
18.2219
18.2219
18.222
18.2221
18.2222
18.2222
18.2222
18.2223
18.2224
18.223
18.2231
18.2232
18.2234
18.2234
18.2238
18.2238
18.2238
18.2238
18.224
18.2241
18.2243
18.2244
18.2244
18.2245
18.2246
18.2246
18.2247
18.2249
18.2249
18.2254
18.2254
18.2255
18.2256
18.2256
18.2257
18.2257
18.2257
18.2257
18.2258
18.2258
18.2258
18.226
18.226
18.2261
18.2262
18.2264
18.2264
18.2264
18.2265
18.2266
18.2266
18.2267
18.2267
18.2268
18.2269
18.227
18.2272
18.2273
18.2273
18.2274
18.2274
18.2276
18.2277
18.2281
18.2282
18.2283
18.2284
18.2286
18.2286
18.2287
18.2288
18.2288
18.2288
18.229
18.229
18.2291
18.2291
18.2291
18.2293
18.2293
18.2294
18.2295
18.2296
18.2297
18.2297
18.2298
18.2298
18.2298
18.23
18.23
18.2301
18.2302
18.2303
18.2304
18.2305
18.2306
18.2306
18.2308
18.2309
18.2311
18.2312
18.2313
18.2313
18.2314
18.2316
18.2317
18.2318
18.2318
18.2321
18.2323
18.2323
18.2324
18.2326
18.233
18.233
18.233
18.2331
18.2332
18.2333
18.2339
18.2341
18.2342
18.2342
18.2344
18.2347
18.2347
18.2347
18.235
18.235
18.235
18.2351
18.2351
18.2352
18.2354
18.2355
18.2355
18.2355
18.2356
18.2356
18.2356
18.2359
18.2359
18.2359
18.2361
18.2362
18.2363
18.2363
18.2365
18.2366
18.2369
18.237
18.237
18.2372
18.2372
18.2373
18.2374
18.2374
18.2374
18.2375
18.2375
18.2376
18.2376
18.2376
18.2377
18.2381
18.2381
18.2383
18.2384
18.2388
18.2388
18.2388
18.2389
18.239
18.2393
18.2394
18.2394
18.2394
18.2395
18.2397
18.2397
18.24
18.24
18.2402
18.2402
18.2403
18.2403
18.2405
18.2406
18.2411
18.2413
18.2414
18.2415
18.2418
18.2418
18.2419
18.242
18.2421
18.2421
18.2422
18.2423
18.2423
18.2424
18.2424
18.2424
18.243
18.243
18.2432
18.2434
18.2435
18.2435
18.2436
18.2437
18.2439
18.2439
18.244
18.244
18.2441
18.2443
18.2444
18.2444
18.2445
18.2446
18.2446
18.2447
18.2449
18.245
18.2453
18.2454
18.2454
18.2455
18.2455
18.2456
18.2456
18.2457
18.2459
18.2459
18.2461
18.2461
18.2463
18.2466
18.2468
18.2469
18.247
18.247
18.2471
18.2472
18.2472
18.2473
18.2474
18.2475
18.2477
18.2481
18.2482
18.2482
18.2486
18.2486
18.2487
18.2489
18.249
18.249
18.2491
18.2492
18.2495
18.2496
18.2498
18.2499
18.25
18.2501
18.2502
18.2508
18.2508
18.2509
18.2509
18.2509
18.251
18.251
18.2511
18.2512
18.2515
18.2517
18.2517
18.2518
18.2518
18.2522
18.2523
18.2523
18.2524
18.2525
18.2527
18.2527
18.2528
18.2529
18.2529
18.2529
18.2531
18.2532
18.2532
18.2536
18.2536
18.2537
18.2539
18.254
18.2542
18.2542
18.2542
18.2542
18.2547
18.2548
18.2554
18.2554
18.2555
18.2558
18.2563
18.2563
18.2563
18.2564
18.2565
18.2565
18.2565
18.2566
18.2567
18.2567
18.257
18.2571
18.2572
18.2575
18.2576
18.2577
18.2579
18.2584
18.2585
18.2586
18.259
18.2592
18.2595
18.2595
18.2595
18.2596
18.26
18.2601
18.2601
18.2601
18.2602
18.2602
18.2603
18.2605
18.2605
18.2606
18.2606
18.2608
18.2608
18.261
18.261
18.2612
18.2612
18.2613
18.2613
18.2613
18.2616
18.2616
18.2616
18.2618
18.2619
18.2619
18.2621
18.2622
18.2623
18.2623
18.2624
18.2625
18.2627
18.2627
18.263
18.2633
18.2634
18.2636
18.2636
18.264
18.2642
18.2642
18.2643
18.2644
18.2644
18.2644
18.2644
18.2646
18.2646
18.2647
18.2649
18.2651
18.2652
18.2653
18.2654
18.2654
18.2655
18.2656
18.2657
18.2657
18.2662
18.2662
18.2663
18.2665
18.2666
18.2666
18.2667
18.267
18.2671
18.2671
18.2672
18.2673
18.2673
18.2674
18.2675
18.2676
18.2677
18.2679
18.268
18.2681
18.2682
18.2683
18.2684
18.2684
18.2684
18.2684
18.2686
18.2686
18.2686
18.2689
18.2691
18.2694
18.2698
18.2699
18.2701
18.2702
18.2702
18.2703
18.2704
18.2707
18.2707
18.2708
18.2709
18.271
18.271
18.2711
18.2712
18.2712
18.2712
18.2715
18.2716
18.2717
18.2721
18.2721
18.2722
18.2723
18.2724
18.2725
18.2729
18.2733
18.2737
18.2738
18.2742
18.2745
18.2745
18.2746
18.2747
18.2749
18.2752
18.2755
18.2756
18.2757
18.2758
18.2759
18.276
18.276
18.2764
18.2767
18.2768
18.2768
18.2771
18.2773
18.2774
18.2775
18.2776
18.2784
18.2786
18.2787
18.2787
18.2788
18.2789
18.279
18.2792
18.2792
18.2793
18.2795
18.2795
18.2795
18.2797
18.2797
18.28
18.28
18.2801
18.2801
18.2802
18.2802
18.2804
18.2804
18.2806
18.2808
18.281
18.2815
18.2815
18.2816
18.2819
18.282
18.2821
18.2822
18.2824
18.2826
18.2826
18.2826
18.2827
18.2829
18.2831
18.2832
18.2833
18.2833
18.2834
18.2835
18.2836
18.2836
18.2836
18.2838
18.2839
18.284
18.284
18.2842
18.2843
18.2844
18.2847
18.285
18.2851
18.2853
18.2854
18.2855
18.2856
18.2857
18.2857
18.2858
18.2859
18.2859
18.2859
18.2861
18.2861
18.2862
18.2863
18.2865
18.2865
18.2867
18.2868
18.2872
18.2872
18.2873
18.2875
18.2876
18.2881
18.2881
18.2882
18.2882
18.2883
18.2885
18.2885
18.2886
18.2887
18.289
18.2891
18.2892
18.2895
18.2897
18.2897
18.2898
18.29
18.29
18.29
18.2905
18.2906
18.2908
18.2908
18.291
18.2912
18.2914
18.2915
18.2916
18.2916
18.2918
18.2919
18.2919
18.2921
18.2922
18.2923
18.2923
18.2925
18.2926
18.2929
18.2929
18.2931
18.2933
18.2935
18.2936
18.2937
18.2939
18.2942
18.2943
18.2944
18.2945
18.2947
18.2947
18.2947
18.2948
18.2948
18.2949
18.2953
18.2953
18.2954
18.2956
18.2958
18.296
18.2962
18.2963
18.2964
18.2967
18.2968
18.2968
18.2971
18.2971
18.2973
18.2974
18.2975
18.2976
18.2976
18.2977
18.2977
18.2977
18.2979
18.298
18.2981
18.2982
18.2983
18.2985
18.2985
18.2985
18.2985
18.2988
18.299
18.2991
18.2992
18.2995
18.2997
18.2999
18.3
18.3001
18.3003
18.3006
18.3006
18.3007
18.3007
18.3008
18.3008
18.3011
18.3012
18.3014
18.3015
18.3015
18.3015
18.3016
18.3018
18.3018
18.3019
18.302
18.302
18.3023
18.3024
18.3026
18.3027
18.3029
18.3029
18.3034
18.3037
18.3037
18.3037
18.3037
18.304
18.304
18.304
18.3042
18.3042
18.3043
18.3043
18.3046
18.3046
18.3046
18.3046
18.3047
18.3049
18.3049
18.305
18.305
18.3051
18.3055
18.3055
18.3057
18.3059
18.3061
18.3062
18.3062
18.3062
18.3064
18.3065
18.3074
18.3074
18.3075
18.3076
18.3077
18.3077
18.3078
18.3078
18.3078
18.3079
18.3079
18.308
18.3085
18.3088
18.3089
18.309
18.3092
18.3093
18.3094
18.3096
18.3096
18.3098
18.3106
18.3108
18.311
18.3112
18.3115
18.3117
18.3118
18.3121
18.3123
18.3123
18.3125
18.3126
18.3127
18.3128
18.3128
18.313
18.3131
18.3132
18.3133
18.3133
18.3134
18.3139
18.3139
18.314
18.3141
18.3141
18.3142
18.3144
18.3144
18.3145
18.3145
18.3145
18.3146
18.3148
18.3149
18.315
18.3151
18.3152
18.3153
18.3155
18.3156
18.316
18.3161
18.3162
18.3163
18.3163
18.3165
18.3165
18.3165
18.3168
18.3168
18.3169
18.3169
18.3169
18.317
18.3172
18.3175
18.3176
18.3179
18.3182
18.3183
18.3187
18.319
18.3191
18.3191
18.3192
18.3193
18.3195
18.3199
18.3201
18.3202
18.3204
18.3205
18.3207
18.3207
18.3207
18.3207
18.3207
18.3208
18.3209
18.3209
18.321
18.321
18.3213
18.3214
18.3214
18.3215
18.3218
18.3219
18.3219
18.322
18.3223
18.3225
18.3225
18.3227
18.3229
18.323
18.3231
18.3231
18.3232
18.3233
18.3233
18.3234
18.3235
18.3236
18.3237
18.3238
18.3238
18.3241
18.3241
18.3241
18.3242
18.3243
18.3243
18.3244
18.3246
18.3246
18.3247
18.3248
18.3253
18.3253
18.3254
18.3256
18.3257
18.3258
18.3258
18.3261
18.3264
18.3264
18.3266
18.3266
18.3268
18.3269
18.327
18.327
18.3272
18.3272
18.3273
18.3274
18.3274
18.3274
18.3275
18.3276
18.3276
18.3277
18.3278
18.3279
18.328
18.3281
18.3281
18.3283
18.3283
18.3284
18.3284
18.3286
18.3286
18.3287
18.3287
18.3289
18.329
18.3291
18.3292
18.3293
18.3294
18.3294
18.3295
18.3296
18.3296
18.3299
18.33
18.3301
18.3301
18.3302
18.3302
18.3306
18.3306
18.3311
18.3311
18.3312
18.3313
18.3314
18.3314
18.3314
18.3319
18.332
18.3321
18.3322
18.3322
18.3324
18.3325
18.3327
18.3329
18.333
18.333
18.3331
18.3333
18.3333
18.3334
18.3334
18.3334
18.3334
18.3335
18.3336
18.3338
18.334
18.3342
18.3343
18.3343
18.3344
18.3345
18.3346
18.3348
18.3351
18.3352
18.3353
18.3354
18.3354
18.3356
18.3356
18.3356
18.3356
18.3358
18.3358
18.3359
18.336
18.3361
18.3362
18.3363
18.3365
18.3365
18.3366
18.3366
18.3368
18.3368
18.3369
18.3369
18.3371
18.3371
18.3373
18.3373
18.3373
18.3373
18.3373
18.3374
18.3376
18.3379
18.3379
18.3379
18.3382
18.3383
18.3383
18.3383
18.3384
18.3386
18.3387
18.3388
18.339
18.3394
18.3399
18.3402
18.3403
18.3404
18.3406
18.3406
18.3408
18.3412
18.3412
18.3416
18.3418
18.342
18.342
18.3422
18.3422
18.3423
18.3423
18.3423
18.3424
18.3424
18.3424
18.3426
18.3426
18.3427
18.3428
18.3429
18.343
18.3433
18.3434
18.3435
18.3435
18.3436
18.3436
18.3436
18.3437
18.3442
18.3443
18.3443
18.3444
18.3444
18.3445
18.3446
18.3446
18.3447
18.3447
18.3447
18.3451
18.3452
18.3455
18.3455
18.3456
18.346
18.346
18.3461
18.3461
18.3462
18.3462
18.3462
18.347
18.3474
18.3475
18.3475
18.3476
18.3479
18.3481
18.3483
18.3484
18.3485
18.3485
18.3487
18.3491
18.3492
18.3492
18.3494
18.3494
18.3495
18.3495
18.35
18.3505
18.3505
18.3505
18.3507
18.3511
18.3512
18.3513
18.3513
18.3514
18.3515
18.3516
18.352
18.3521
18.3524
18.3529
18.3531
18.3532
18.3533
18.3534
18.3535
18.354
18.3543
18.3545
18.3545
18.3546
18.3548
18.3552
18.3556
18.3556
18.3557
18.356
18.3561
18.3562
18.3564
18.3565
18.3567
18.3573
18.3573
18.3574
18.3576
18.3576
18.3576
18.358
18.358
18.3582
18.3585
18.3586
18.3586
18.3589
18.3589
18.3591
18.3592
18.3593
18.3595
18.3596
18.3599
18.3599
18.36
18.3601
18.3601
18.3601
18.3602
18.3604
18.3604
18.3604
18.3606
18.3606
18.3611
18.3611
18.3612
18.3614
18.3615
18.3617
18.3618
18.3618
18.3624
18.3625
18.3626
18.3629
18.3629
18.3631
18.3633
18.3633
18.3633
18.3638
18.3639
18.3641
18.3641
18.3642
18.3643
18.3646
18.3647
18.365
18.365
18.3654
18.3654
18.3654
18.3655
18.3656
18.3659
18.3659
18.3659
18.366
18.366
18.3661
18.3662
18.3663
18.3663
18.3664
18.3665
18.3666
18.3668
18.3669
18.367
18.3672
18.3676
18.3676
18.3677
18.3679
18.3681
18.3681
18.3681
18.3683
18.3684
18.3684
18.3684
18.3685
18.3686
18.3687
18.369
18.369
18.3692
18.3693
18.3697
18.3698
18.37
18.3702
18.3702
18.3702
18.3705
18.3706
18.3708
18.3709
18.3711
18.3712
18.3714
18.3715
18.3715
18.3716
18.3716
18.3718
18.372
18.3721
18.3724
18.3725
18.3726
18.3727
18.3728
18.3732
18.3735
18.3736
18.3736
18.3736
18.3737
18.3737
18.3738
18.374
18.3744
18.3745
18.3747
18.375
18.375
18.3754
18.3756
18.3756
18.3757
18.376
18.376
18.3763
18.3763
18.3766
18.3766
18.377
18.377
18.3771
18.3773
18.3774
18.3774
18.3776
18.3777
18.3777
18.3778
18.3778
18.378
18.378
18.3781
18.3783
18.3786
18.3794
18.3794
18.3796
18.3797
18.3797
18.3798
18.3802
18.3802
18.3803
18.3805
18.3806
18.3806
18.3808
18.3808
18.3812
18.3816
18.3818
18.3818
18.3818
18.3819
18.3819
18.3821
18.3822
18.3823
18.3824
18.3824
18.3825
18.3831
18.3831
18.3832
18.3832
18.3833
18.3836
18.3842
18.3844
18.3848
18.3848
18.3849
18.3853
18.3855
18.3858
18.3858
18.3858
18.3859
18.386
18.3862
18.3862
18.3862
18.3863
18.3863
18.3864
18.3864
18.3868
18.3869
18.3869
18.387
18.387
18.3871
18.3871
18.3871
18.3873
18.3875
18.3877
18.3877
18.3877
18.3877
18.3878
18.388
18.388
18.3884
18.3884
18.3885
18.3887
18.3888
18.3889
18.389
18.3893
18.3894
18.3895
18.3896
18.3896
18.3896
18.3898
18.39
18.39
18.3902
18.3904
18.3907
18.3908
18.391
18.391
18.3911
18.3912
18.3913
18.3915
18.3916
18.3917
18.3918
18.3919
18.3919
18.392
18.3924
18.3925
18.3925
18.393
18.393
18.3932
18.3936
18.3937
18.3937
18.3942
18.3947
18.3947
18.3947
18.3948
18.3948
18.395
18.3952
18.3957
18.3957
18.3957
18.3957
18.396
18.3961
18.3964
18.3969
18.3971
18.3975
18.3975
18.3978
18.3978
18.3979
18.3981
18.3985
18.3986
18.3987
18.3988
18.3991
18.3991
18.3992
18.3992
18.3992
18.3993
18.3995
18.4003
18.4003
18.4005
18.4006
18.4007
18.4008
18.4012
18.4016
18.4016
18.4016
18.4018
18.4019
18.4019
18.4019
18.402
18.4022
18.4024
18.4027
18.4029
18.4029
18.4029
18.403
18.403
18.4031
18.4032
18.4032
18.4032
18.4033
18.4034
18.4034
18.4034
18.4034
18.4034
18.4036
18.4037
18.404
18.4042
18.4043
18.4047
18.4052
18.4053
18.4056
18.4056
18.4058
18.4058
18.4059
18.406
18.4062
18.4062
18.4062
18.4064
18.4067
18.4072
18.4072
18.4073
18.4075
18.4075
18.4078
18.4078
18.4079
18.4079
18.4085
18.4086
18.4088
18.409
18.409
18.409
18.409
18.409
18.409
18.4091
18.4091
18.4092
18.4092
18.4093
18.4093
18.4096
18.4098
18.41
18.4102
18.4105
18.4105
18.4106
18.4106
18.4107
18.4107
18.4108
18.411
18.4111
18.4111
18.4111
18.4112
18.4112
18.4113
18.4114
18.4114
18.4117
18.4119
18.4124
18.4128
18.413
18.413
18.4131
18.4132
18.4135
18.4135
18.4137
18.4138
18.4138
18.414
18.4144
18.4145
18.4145
18.4148
18.4149
18.4152
18.4154
18.4155
18.4155
18.4156
18.4157
18.4158
18.4158
18.4159
18.416
18.416
18.4168
18.4168
18.4169
18.4173
18.4182
18.4185
18.4186
18.4187
18.4188
18.4188
18.4188
18.4191
18.4193
18.4193
18.4197
18.4199
18.4202
18.4202
18.4203
18.4204
18.4204
18.4206
18.4209
18.4215
18.4216
18.4217
18.4218
18.4218
18.4219
18.422
18.4221
18.4223
18.4223
18.4225
18.4227
18.4228
18.4232
18.4232
18.4233
18.4234
18.4235
18.4236
18.424
18.4242
18.4243
18.4243
18.4244
18.4245
18.4246
18.4249
18.425
18.425
18.4251
18.4253
18.4254
18.4254
18.4254
18.4259
18.4261
18.4262
18.4262
18.4262
18.4269
18.4271
18.4274
18.4276
18.428
18.4284
18.4288
18.429
18.4291
18.4291
18.4294
18.4298
18.4299
18.43
18.4302
18.4302
18.4303
18.4304
18.4306
18.4307
18.4307
18.4308
18.4313
18.4315
18.4316
18.432
18.432
18.4322
18.4323
18.4324
18.4324
18.4325
18.4326
18.4328
18.4328
18.4329
18.4333
18.4334
18.4334
18.4338
18.4338
18.4339
18.4339
18.434
18.434
18.4341
18.4342
18.4349
18.4349
18.4349
18.435
18.435
18.4354
18.4355
18.4357
18.436
18.4362
18.4372
18.4374
18.4375
18.4377
18.4378
18.4383
18.4385
18.4387
18.4388
18.4395
18.4395
18.4397
18.4397
18.4398
18.4402
18.4404
18.4406
18.4408
18.4412
18.4415
18.4415
18.4419
18.442
18.4421
18.4422
18.4422
18.4427
18.4429
18.443
18.443
18.4432
18.4432
18.4434
18.4439
18.444
18.4441
18.4443
18.4446
18.445
18.4451
18.4455
18.4457
18.446
18.4462
18.4467
18.4469
18.447
18.4476
18.4477
18.4478
18.4482
18.4483
18.4487
18.4491
18.4496
18.4498
18.4503
18.4506
18.4512
18.4514
18.4517
18.452
18.4523
18.4524
18.4524
18.4526
18.4527
18.4527
18.4527
18.4534
18.4534
18.4538
18.4545
18.4546
18.4548
18.4549
18.4551
18.4558
18.456
18.4561
18.4563
18.4564
18.4571
18.4575
18.4579
18.458
18.4584
18.4586
18.4589
18.459
18.4593
18.4593
18.4594
18.4594
18.4599
18.46
18.4601
18.4604
18.4604
18.4607
18.461
18.4614
18.4614
18.4615
18.4618
18.4619
18.4623
18.4625
18.4626
18.4626
18.4627
18.4629
18.4631
18.4631
18.4631
18.4632
18.4636
18.4637
18.4638
18.4638
18.4642
18.4643
18.4644
18.4644
18.4644
18.4645
18.4647
18.4649
18.465
18.465
18.4654
18.4656
18.4656
18.4658
18.466
18.466
18.4661
18.4662
18.4665
18.4666
18.467
18.4675
18.468
18.4681
18.4682
18.4688
18.4692
18.4693
18.4698
18.4701
18.4704
18.4707
18.4708
18.4709
18.471
18.4713
18.4716
18.4717
18.4719
18.472
18.4721
18.4723
18.4724
18.4727
18.4732
18.4733
18.4733
18.474
18.4741
18.4741
18.4741
18.4749
18.4756
18.4759
18.476
18.4762
18.4762
18.4766
18.4768
18.4768
18.4769
18.477
18.4776
18.4777
18.4782
18.4782
18.4783
18.4786
18.4787
18.4788
18.479
18.4792
18.4795
18.4796
18.4799
18.4804
18.4806
18.4807
18.4807
18.481
18.4811
18.4813
18.4815
18.4818
18.4822
18.4822
18.4827
18.4834
18.4836
18.4838
18.4842
18.4844
18.4848
18.4853
18.4854
18.4855
18.4855
18.4857
18.4861
18.4865
18.4866
18.4866
18.4868
18.4869
18.4871
18.4874
18.4877
18.4879
18.4881
18.4889
18.4892
18.4898
18.4899
18.4901
18.4908
18.4908
18.491
18.4911
18.4912
18.4914
18.4916
18.4917
18.492
18.4922
18.4922
18.4923
18.4923
18.493
18.493
18.4934
18.4939
18.494
18.494
18.4942
18.4943
18.495
18.4951
18.4952
18.4954
18.4959
18.4962
18.4966
18.4967
18.4967
18.4968
18.4969
18.497
18.497
18.4972
18.4972
18.4972
18.4973
18.4974
18.4976
18.4982
18.4992
18.4993
18.4994
18.4994
18.4994
18.4996
18.5002
18.5003
18.5003
18.5004
18.5009
18.5014
18.5015
18.5016
18.5017
18.5019
18.5021
18.5021
18.5029
18.5031
18.5034
18.5036
18.5037
18.5043
18.5047
18.5047
18.5047
18.5048
18.5048
18.505
18.5053
18.5053
18.5053
18.5054
18.5056
18.5057
18.506
18.5064
18.5065
18.5065
18.5067
18.5077
18.5082
18.5082
18.5087
18.509
18.5097
18.5098
18.5103
18.5104
18.5105
18.5106
18.5107
18.5107
18.511
18.5112
18.5116
18.5117
18.5117
18.512
18.5122
18.5129
18.513
18.5131
18.5137
18.514
18.5141
18.5141
18.5142
18.5144
18.5145
18.5146
18.5147
18.5151
18.5152
18.5154
18.5154
18.5156
18.5161
18.5162
18.5162
18.5164
18.5165
18.5165
18.517
18.5171
18.5171
18.5172
18.5176
18.5178
18.5178
18.518
18.5183
18.5185
18.5186
18.5188
18.5189
18.5191
18.5196
18.5197
18.5198
18.5198
18.5199
18.5203
18.5204
18.5217
18.5222
18.5222
18.5226
18.5227
18.5232
18.5237
18.5241
18.5242
18.5245
18.5245
18.5248
18.5253
18.5255
18.5255
18.5255
18.5256
18.5258
18.5259
18.526
18.526
18.5265
18.5266
18.5267
18.5274
18.5274
18.5275
18.5275
18.5276
18.5277
18.5277
18.5277
18.5279
18.5281
18.5282
18.5285
18.5293
18.5293
18.5294
18.5295
18.5297
18.5299
18.5301
18.5302
18.5303
18.5304
18.5311
18.5318
18.532
18.5323
18.5325
18.5326
18.5327
18.5327
18.5331
18.5334
18.5337
18.534
18.5349
18.535
18.5351
18.5356
18.536
18.536
18.5363
18.5364
18.5366
18.5372
18.5377
18.5378
18.5385
18.5385
18.539
18.5391
18.5394
18.5395
18.5406
18.5407
18.5408
18.541
18.541
18.541
18.5411
18.5414
18.5415
18.5416
18.5416
18.542
18.5421
18.5421
18.5423
18.5424
18.5426
18.5431
18.5434
18.5441
18.5441
18.5444
18.5446
18.5447
18.5452
18.5456
18.5459
18.5462
18.5465
18.5466
18.5466
18.547
18.5471
18.5474
18.5476
18.5478
18.5482
18.5485
18.5491
18.5496
18.5498
18.5499
18.5499
18.5504
18.5504
18.5515
18.5517
18.5519
18.5523
18.5523
18.5524
18.5526
18.5529
18.553
18.5533
18.5534
18.5535
18.554
18.5542
18.5543
18.5545
18.5549
18.555
18.5555
18.556
18.5563
18.5565
18.5568
18.5569
18.5569
18.5569
18.5571
18.5572
18.5584
18.5586
18.5586
18.559
18.559
18.5597
18.5599
18.5605
18.5607
18.5615
18.5623
18.5627
18.565
18.565
18.5652
18.5655
18.5655
18.5656
18.5656
18.5657
18.5658
18.5661
18.5662
18.5662
18.5674
18.5675
18.5678
18.568
18.5682
18.5682
18.5686
18.5687
18.5697
18.57
18.57
18.5701
18.5703
18.5712
18.5712
18.5718
18.5718
18.5721
18.5723
18.5723
18.5733
18.5738
18.574
18.5742
18.5742
18.5749
18.5751
18.5759
18.5759
18.5762
18.5764
18.5766
18.5782
18.5784
18.5794
18.5795
18.581
18.5811
18.5814
18.582
18.5822
18.5824
18.5825
18.5827
18.583
18.583
18.5833
18.5845
18.5845
18.5847
18.5848
18.5853
18.5865
18.5865
18.5866
18.5872
18.5873
18.5882
18.5904
18.5909
18.5911
18.5911
18.5918
18.592
18.5924
18.5927
18.5928
18.5936
18.5936
18.594
18.5941
18.5942
18.5944
18.5944
18.595
18.5952
18.5961
18.598
18.5981
18.5983
18.5998
18.6
18.6001
18.6001
18.6007
18.6018
18.6021
18.6021
18.6027
18.6036
18.6037
18.6049
18.605
18.6054
18.606
18.6064
18.6067
18.6067
18.6068
18.6069
18.6072
18.6074
18.6096
18.6098
18.6102
18.6104
18.6118
18.6122
18.6129
18.613
18.6133
18.6141
18.6142
18.6145
18.6157
18.6162
18.6165
18.6166
18.6182
18.6186
18.6187
18.6191
18.6191
18.6193
18.6202
18.6206
18.6209
18.6212
18.6219
18.6229
18.623
18.6238
18.6243
18.6246
18.6248
18.6252
18.6258
18.6265
18.6267
18.6269
18.6276
18.628
18.6284
18.6285
18.6287
18.6289
18.629
18.6302
18.6307
18.6308
18.631
18.6311
18.6311
18.6312
18.6316
18.6337
18.6342
18.6347
18.635
18.6351
18.6354
18.6354
18.6356
18.6356
18.636
18.6361
18.6362
18.6363
18.6364
18.6365
18.6372
18.6375
18.6377
18.6378
18.6403
18.6405
18.6425
18.6426
18.6428
18.6436
18.6436
18.6438
18.6443
18.6448
18.6448
18.6465
18.6472
18.6474
18.6476
18.6479
18.6486
18.6491
18.6493
18.6496
18.65
18.6501
18.6512
18.6513
18.6514
18.6517
18.6524
18.6527
18.6528
18.6528
18.653
18.653
18.6549
18.655
18.6556
18.6556
18.6559
18.6564
18.6564
18.6573
18.6573
18.6576
18.6588
18.659
18.6609
18.6611
18.6619
18.6623
18.6635
18.6638
18.6639
18.6642
18.6645
18.665
18.6651
18.6659
18.6668
18.667
18.6694
18.6702
18.6708
18.6709
18.671
18.6725
18.6725
18.6756
18.6759
18.6766
18.6768
18.6784
18.6787
18.6794
18.6796
18.6797
18.6811
18.6814
18.6819
18.683
18.6833
18.6836
18.6837
18.6845
18.6846
18.6864
18.6868
18.6872
18.6881
18.6881
18.6882
18.6889
18.6894
18.6902
18.6903
18.6911
18.6915
18.6915
18.6919
18.6927
18.6952
18.6957
18.6961
18.6972
18.6973
18.6979
18.7013
18.7015
18.7024
18.7027
18.7037
18.7053
18.707
18.7074
18.7079
18.708
18.7083
18.7083
18.7089
18.7095
18.7121
18.7126
18.7128
18.7137
18.7141
18.7145
18.7149
18.7164
18.7167
18.7188
18.7208
18.721
18.7213
18.7215
18.7221
18.7228
18.7242
18.7246
18.7249
18.7287
18.729
18.7296
18.7342
18.7343
18.7345
18.7349
18.737
18.7391
18.7403
18.7415
18.7433
18.7435
18.7458
18.7513
18.7514
18.7518
18.7537
18.7538
18.7542
18.7542
18.7572
18.7624
18.7624
18.7669
18.7704
18.7725
18.774
18.7785
18.7792
18.7806
18.7834
18.7848
18.7895
18.791
18.7914
18.7921
18.7929
18.7953
18.7962
18.7964
18.7984
18.7985
18.7986
18.8
18.8033
18.8043
18.8057
18.8068
18.811
18.8154
18.8196
18.8198
18.8301
18.831
18.8374
18.8383
18.8435
18.8456
18.8457
18.8476
18.8484
18.8641
18.8663
18.8727
18.875
18.8788
18.8803
18.8908
18.8913
18.9013
18.9059
18.9072
18.9277
18.9706
18.9722
18.989
18.9915
19.0108
19.0279
19.0324
19.0541
