8.28528
8.36008
8.36369
8.37034
8.37504
8.3763
8.37877
8.38737
8.39486
8.40096
8.40725
8.41156
8.41639
8.4304
8.43323
8.4578
8.46062
8.46562
8.46639
8.46932
8.47836
8.48168
8.49078
8.49563
8.50179
8.51085
8.511
8.51188
8.51211
8.51767
8.51831
8.51863
8.52092
8.52411
8.53059
8.53151
8.53525
8.5402
8.54073
8.54403
8.54499
8.54691
8.55984
8.56104
8.5624
8.56335
8.56496
8.56543
8.57376
8.575
8.57546
8.57648
8.57675
8.57882
8.57914
8.57933
8.58622
8.58632
8.58937
8.59007
8.59291
8.59315
8.59591
8.59725
8.59954
8.60009
8.60049
8.60517
8.6064
8.60716
8.60726
8.60848
8.60997
8.61062
8.61228
8.613
8.61324
8.61474
8.62115
8.62221
8.62227
8.62289
8.62527
8.62535
8.62566
8.62652
8.6274
8.62797
8.62894
8.63276
8.63515
8.63602
8.63824
8.64014
8.64054
8.64189
8.64523
8.64545
8.6478
8.64899
8.6506
8.65097
8.65132
8.6523
8.65467
8.6557
8.6563
8.65671
8.65698
8.65782
8.65939
8.66015
8.66016
8.66094
8.66322
8.66336
8.66409
8.66514
8.66782
8.66802
8.66883
8.66906
8.66972
8.67053
8.6721
8.67271
8.6729
8.67327
8.6748
8.6748
8.67584
8.67626
8.67719
8.67762
8.67832
8.67864
8.67898
8.67969
8.67994
8.68107
8.68353
8.68367
8.68455
8.68675
8.68748
8.68908
8.69009
8.69078
8.69139
8.69268
8.69395
8.69418
8.69419
8.69425
8.69549
8.6958
8.69623
8.69761
8.69842
8.69911
8.6993
8.69954
8.69975
8.69994
8.70116
8.70258
8.70272
8.7028
8.70364
8.70506
8.70555
8.70616
8.70748
8.70761
8.70776
8.70813
8.70839
8.70905
8.71007
8.71096
8.71096
8.71166
8.71248
8.71256
8.71332
8.71346
8.71461
8.71593
8.71679
8.71696
8.71791
8.71802
8.71804
8.71835
8.71866
8.71917
8.71965
8.72036
8.72069
8.72264
8.72291
8.72299
8.72366
8.72418
8.72419
8.72488
8.7251
8.72521
8.72547
8.7263
8.7291
8.73067
8.73106
8.73108
8.73158
8.73182
8.73184
8.73214
8.73279
8.73358
8.73385
8.73457
8.73473
8.73485
8.73506
8.73543
8.7363
8.73703
8.73714
8.73722
8.7376
8.73907
8.73918
8.73921
8.73957
8.73958
8.74062
8.74065
8.74184
8.74339
8.74364
8.7439
8.74514
8.74669
8.74694
8.74806
8.7481
8.7482
8.74838
8.74919
8.74933
8.75004
8.75035
8.75047
8.75093
8.75143
8.75156
8.75177
8.75244
8.75385
8.75471
8.7552
8.75554
8.756
8.75605
8.75651
8.75676
8.75737
8.75774
8.75824
8.75939
8.7599
8.76032
8.76235
8.76236
8.76244
8.7625
8.76251
8.76263
8.76307
8.76354
8.76401
8.76402
8.76461
8.76552
8.76605
8.76612
8.76622
8.76681
8.76727
8.76754
8.7678
8.76788
8.7685
8.76895
8.76919
8.77012
8.7714
8.77142
8.77189
8.77211
8.7725
8.7733
8.77373
8.77458
8.77465
8.77568
8.77583
8.77621
8.77629
8.7763
8.7768
8.77742
8.77834
8.7788
8.77911
8.77921
8.77972
8.7799
8.78009
8.78145
8.78174
8.78245
8.78298
8.78359
8.78491
8.78557
8.7857
8.78586
8.78607
8.78632
8.78667
8.78705
8.78806
8.78824
8.78937
8.78959
8.78987
8.79134
8.7915
8.79209
8.7924
8.79243
8.79291
8.79375
8.79377
8.79426
8.79472
8.79499
8.79691
8.79739
8.79743
8.79765
8.79768
8.79814
8.79816
8.79877
8.7988
8.79887
8.79893
8.79925
8.79992
8.80026
8.80029
8.80039
8.80074
8.80187
8.8019
8.80228
8.80289
8.80322
8.80331
8.80388
8.80408
8.80408
8.8041
8.80456
8.80468
8.80551
8.80583
8.80592
8.80593
8.80605
8.80614
8.80669
8.80677
8.80723
8.8073
8.80746
8.80773
8.80779
8.80819
8.80825
8.80883
8.80883
8.80934
8.80955
8.8097
8.81056
8.81091
8.81097
8.81138
8.81139
8.81206
8.81297
8.81324
8.81341
8.81346
8.8145
8.81487
8.81638
8.8165
8.81691
8.81719
8.8176
8.81897
8.81928
8.81934
8.81974
8.82062
8.82068
8.82097
8.82121
8.82174
8.82211
8.82214
8.82216
8.82287
8.82336
8.82346
8.82368
8.82441
8.82449
8.82461
8.8247
8.82477
8.82525
8.82552
8.82574
8.82594
8.82598
8.82628
8.82672
8.82677
8.82684
8.82692
8.82731
8.82762
8.82779
8.82786
8.82816
8.82843
8.82883
8.82898
8.82931
8.82975
8.83014
8.83018
8.83019
8.83028
8.83115
8.83143
8.83181
8.8321
8.8323
8.83244
8.83285
8.83292
8.83316
8.83333
8.83337
8.83367
8.83376
8.83395
8.83413
8.8346
8.83472
8.83475
8.83487
8.83491
8.83501
8.8355
8.83627
8.83658
8.83675
8.83679
8.837
8.83712
8.83717
8.83746
8.83751
8.83763
8.83768
8.83858
8.83865
8.83896
8.83897
8.83911
8.83971
8.84026
8.84033
8.8408
8.84117
8.84151
8.84244
8.84252
8.84338
8.84344
8.84389
8.84411
8.84433
8.84434
8.84462
8.84491
8.84508
8.84529
8.84551
8.84571
8.84612
8.84618
8.84652
8.84678
8.847
8.84702
8.84729
8.84835
8.84857
8.85092
8.85125
8.85142
8.85158
8.85163
8.85173
8.85175
8.85271
8.85282
8.85321
8.85341
8.85346
8.85355
8.85361
8.85381
8.85384
8.8541
8.85411
8.85415
8.85415
8.85436
8.85486
8.8551
8.85545
8.85547
8.85554
8.85594
8.85687
8.85778
8.85789
8.85798
8.85816
8.85839
8.85873
8.85893
8.85932
8.8598
8.85988
8.86006
8.86014
8.86024
8.86062
8.86108
8.86117
8.86124
8.86133
8.86192
8.86235
8.86246
8.86252
8.86252
8.86308
8.86329
8.86332
8.86354
8.86378
8.86403
8.86415
8.86428
8.86434
8.86471
8.86487
8.86533
8.86535
8.86574
8.866
8.86618
8.86629
8.86658
8.8672
8.86725
8.86735
8.86739
8.86828
8.86852
8.8694
8.8694
8.87067
8.8708
8.87083
8.87107
8.87109
8.87113
8.87139
8.8714
8.87154
8.87213
8.87267
8.87354
8.87379
8.87423
8.87443
8.87444
8.87493
8.87494
8.87503
8.87508
8.87522
8.87531
8.87544
8.87555
8.87569
8.8757
8.87582
8.87584
8.8759
8.87643
8.8766
8.87685
8.87726
8.87735
8.87773
8.878
8.87811
8.87812
8.87831
8.87904
8.87916
8.87927
8.87937
8.87945
8.87947
8.87967
8.87983
8.88001
8.88059
8.88071
8.88073
8.88079
8.88099
8.881
8.88113
8.88144
8.88225
8.88258
8.88258
8.88261
8.88314
8.88315
8.88336
8.88341
8.88351
8.88401
8.88406
8.88435
8.88443
8.88467
8.88479
8.88493
8.88544
8.8857
8.88583
8.88646
8.8865
8.8866
8.88661
8.88676
8.88677
8.88716
8.88726
8.88752
8.88778
8.88831
8.88846
8.88857
8.88877
8.88879
8.88919
8.88962
8.88964
8.88973
8.8902
8.89028
8.89045
8.8905
8.89095
8.89113
8.89126
8.89138
8.89175
8.8922
8.89222
8.89241
8.89244
8.89254
8.89297
8.89358
8.8939
8.89421
8.89458
8.89484
8.89488
8.89497
8.89501
8.89506
8.89528
8.89537
8.89554
8.89565
8.89588
8.89598
8.896
8.89604
8.89632
8.89678
8.89727
8.89753
8.89767
8.89828
8.89859
8.89887
8.8991
8.89927
8.89974
8.8998
8.90013
8.90034
8.90042
8.90045
8.90049
8.90055
8.9006
8.90077
8.90095
8.90111
8.90116
8.90148
8.90167
8.90173
8.9021
8.90221
8.90257
8.90271
8.90279
8.90335
8.90339
8.90401
8.9046
8.90529
8.90587
8.90598
8.90599
8.90635
8.90648
8.90676
8.90678
8.90692
8.90697
8.90708
8.90715
8.90732
8.90762
8.90775
8.90893
8.90895
8.90896
8.90917
8.90942
8.90959
8.90978
8.90985
8.91064
8.91073
8.91079
8.91107
8.91117
8.91149
8.91165
8.91168
8.91172
8.91181
8.91216
8.91242
8.91284
8.91318
8.91335
8.91343
8.91381
8.91382
8.91389
8.91398
8.91411
8.91416
8.91463
8.91465
8.9149
8.91527
8.91536
8.91557
8.91569
8.9157
8.91573
8.91588
8.91595
8.91633
8.91639
8.91713
8.9174
8.91758
8.9176
8.91764
8.91764
8.91846
8.91853
8.9186
8.9191
8.91917
8.91921
8.91935
8.91938
8.9194
8.91957
8.92025
8.92041
8.92056
8.92063
8.92067
8.92074
8.92083
8.92115
8.92119
8.92129
8.9216
8.9218
8.92193
8.92199
8.92207
8.92209
8.92212
8.92251
8.92258
8.92282
8.92294
8.92302
8.92336
8.9234
8.92351
8.92375
8.92377
8.92391
8.92408
8.92411
8.92427
8.92435
8.9244
8.92441
8.92444
8.9245
8.92459
8.92461
8.92466
8.92471
8.9248
8.92492
8.92552
8.92555
8.92579
8.92587
8.92589
8.92598
8.92679
8.92695
8.92716
8.92741
8.9279
8.92797
8.92818
8.92857
8.9296
8.92972
8.9299
8.93028
8.9304
8.93066
8.93099
8.931
8.93109
8.93118
8.93146
8.9315
8.93163
8.93163
8.93177
8.9319
8.93212
8.93222
8.9323
8.93231
8.93237
8.93249
8.93265
8.93276
8.93292
8.93295
8.93329
8.9333
8.93333
8.93354
8.93386
8.93399
8.93416
8.93434
8.93434
8.93444
8.9345
8.93453
8.93469
8.93508
8.93531
8.93532
8.9362
8.93643
8.93654
8.93676
8.9369
8.93696
8.93744
8.93771
8.93847
8.93866
8.93875
8.93892
8.93904
8.93928
8.9394
8.93942
8.93963
8.93986
8.9399
8.94026
8.9404
8.94052
8.9408
8.94085
8.94088
8.94095
8.94143
8.94214
8.94222
8.94223
8.94223
8.94235
8.9427
8.94289
8.94299
8.94321
8.94322
8.94356
8.94371
8.94378
8.94379
8.94417
8.94427
8.94439
8.94512
8.94518
8.94538
8.94575
8.94589
8.94641
8.94644
8.94645
8.94649
8.94663
8.94714
8.94729
8.94751
8.94758
8.94762
8.94767
8.94783
8.94805
8.94817
8.94849
8.9491
8.9492
8.94948
8.94962
8.94987
8.94997
8.95024
8.95075
8.95083
8.95084
8.95094
8.95115
8.95139
8.95142
8.95179
8.95276
8.95301
8.95317
8.95332
8.95343
8.95346
8.95364
8.95404
8.95406
8.9541
8.95422
8.95457
8.95468
8.9548
8.9549
8.95536
8.95543
8.95551
8.95588
8.95598
8.95608
8.95648
8.95677
8.95718
8.95749
8.95763
8.95773
8.95777
8.9578
8.95795
8.95802
8.95809
8.95813
8.95814
8.95818
8.95838
8.95841
8.95843
8.95874
8.9588
8.95883
8.95884
8.95893
8.95905
8.95939
8.95942
8.95951
8.95957
8.95996
8.96007
8.96017
8.96036
8.96039
8.9605
8.96058
8.96069
8.96092
8.96107
8.96124
8.9613
8.96137
8.96143
8.96175
8.96186
8.96208
8.9622
8.96283
8.96284
8.96307
8.96314
8.96314
8.96326
8.96332
8.96375
8.96383
8.96387
8.96467
8.96478
8.96487
8.96518
8.96543
8.96559
8.9656
8.96571
8.96597
8.96614
8.96629
8.96726
8.96731
8.9677
8.96803
8.96805
8.96823
8.96839
8.96861
8.96868
8.96905
8.96938
8.96947
8.96958
8.9697
8.97017
8.97049
8.97065
8.97068
8.97076
8.9709
8.97104
8.97115
8.97132
8.97139
8.97141
8.97158
8.97183
8.97188
8.97216
8.97234
8.9724
8.97332
8.97346
8.97381
8.97383
8.97414
8.97418
8.97437
8.97439
8.97451
8.97475
8.97488
8.97499
8.97512
8.97528
8.97542
8.97562
8.97569
8.976
8.97641
8.97649
8.97654
8.97655
8.97673
8.97674
8.97678
8.97679
8.97683
8.97706
8.9772
8.97728
8.97748
8.9775
8.97772
8.97789
8.97791
8.97793
8.97806
8.97832
8.97842
8.97845
8.97897
8.979
8.97915
8.97925
8.97982
8.97999
8.98004
8.98034
8.98037
8.98044
8.98052
8.98085
8.98098
8.98102
8.98126
8.98133
8.98143
8.98164
8.98175
8.98189
8.98242
8.98248
8.98264
8.98266
8.98313
8.98324
8.98339
8.98354
8.98377
8.98383
8.98391
8.98422
8.98427
8.98431
8.98453
8.98457
8.98468
8.98483
8.98507
8.98518
8.98518
8.98521
8.98527
8.98546
8.98573
8.98577
8.9858
8.98591
8.98619
8.98639
8.98641
8.98642
8.98686
8.98716
8.98734
8.98745
8.9875
8.98751
8.98773
8.98791
8.98793
8.98799
8.98804
8.98809
8.98813
8.98824
8.98838
8.98839
8.98859
8.98872
8.98877
8.98887
8.98893
8.98896
8.98905
8.98915
8.98927
8.9893
8.98968
8.98979
8.98981
8.98983
8.98984
8.98985
8.98995
8.99001
8.99001
8.99007
8.99034
8.9904
8.99045
8.99063
8.99068
8.99087
8.99121
8.99144
8.99166
8.99227
8.99231
8.99253
8.99266
8.9928
8.99294
8.99309
8.99342
8.99377
8.99386
8.99392
8.99414
8.99423
8.99477
8.9948
8.99489
8.9949
8.99496
8.99516
8.99544
8.9955
8.99575
8.99627
8.99632
8.99649
8.99657
8.99724
8.99734
8.99735
8.99785
8.99794
8.99805
8.99816
8.99827
8.99847
8.99859
8.99865
8.99871
8.99888
8.99898
8.9992
8.9993
8.99944
8.99956
8.99963
8.99971
8.99998
9.00036
9.00052
9.00083
9.00093
9.00095
9.00098
9.00105
9.00121
9.00131
9.00138
9.00152
9.00159
9.0016
9.00188
9.00201
9.00203
9.00211
9.00226
9.00229
9.00242
9.00245
9.00248
9.00264
9.00269
9.00285
9.0029
9.00297
9.00301
9.00305
9.00308
9.00308
9.00328
9.00332
9.00332
9.00343
9.0041
9.00413
9.00444
9.00475
9.00481
9.00514
9.0052
9.00558
9.00588
9.00588
9.00596
9.00618
9.00637
9.00643
9.00672
9.00677
9.00681
9.00698
9.00719
9.00728
9.00744
9.00751
9.00756
9.0077
9.00794
9.00804
9.00804
9.00815
9.00815
9.00818
9.00825
9.00832
9.00842
9.00877
9.00909
9.00919
9.00925
9.00995
9.0105
9.01062
9.01071
9.01077
9.01081
9.0116
9.01215
9.0122
9.01228
9.01241
9.01266
9.01287
9.01297
9.01321
9.01374
9.01375
9.01376
9.01404
9.01411
9.01453
9.01474
9.01496
9.01501
9.01515
9.01529
9.01539
9.01562
9.01563
9.0157
9.01581
9.01587
9.01588
9.01596
9.01624
9.01625
9.01628
9.01629
9.01633
9.01658
9.01673
9.01686
9.01741
9.01741
9.01752
9.01753
9.01759
9.01767
9.01771
9.01786
9.01806
9.01818
9.01843
9.0185
9.01863
9.01874
9.01874
9.01881
9.01893
9.01895
9.0191
9.01917
9.01957
9.01966
9.01986
9.01993
9.01997
9.02003
9.02008
9.02025
9.02051
9.02057
9.02086
9.02098
9.02118
9.0212
9.02217
9.02243
9.02244
9.02267
9.02299
9.02301
9.02307
9.0231
9.02338
9.0235
9.02354
9.02356
9.0236
9.02363
9.02371
9.02396
9.02404
9.02475
9.02501
9.02505
9.02508
9.02508
9.02534
9.02536
9.02539
9.02552
9.02562
9.02564
9.02578
9.02584
9.02616
9.02624
9.02626
9.0263
9.0263
9.02636
9.02639
9.02651
9.02653
9.02683
9.02687
9.02689
9.0269
9.02693
9.027
9.027
9.02711
9.02711
9.0272
9.0274
9.02773
9.02782
9.02795
9.02798
9.02816
9.0284
9.02841
9.02843
9.02859
9.02885
9.02887
9.02895
9.02909
9.0294
9.02946
9.02951
9.02994
9.03001
9.03002
9.03047
9.03077
9.03084
9.03086
9.03093
9.03093
9.03114
9.03161
9.03169
9.03173
9.03179
9.0318
9.03193
9.03193
9.03205
9.03213
9.03239
9.0327
9.03306
9.03309
9.03311
9.03323
9.03328
9.03376
9.03418
9.03425
9.03427
9.0344
9.03447
9.03469
9.03474
9.03478
9.03484
9.0352
9.03529
9.0353
9.03538
9.03547
9.03584
9.03606
9.03613
9.03615
9.03629
9.03643
9.03643
9.03652
9.03661
9.03677
9.03687
9.03694
9.03697
9.03741
9.03742
9.03748
9.0376
9.03776
9.03813
9.03821
9.03865
9.03874
9.03894
9.03897
9.03912
9.03913
9.03915
9.03919
9.0394
9.03975
9.03981
9.04002
9.04006
9.04011
9.04026
9.04031
9.04042
9.04051
9.04067
9.04079
9.04085
9.04098
9.04099
9.0416
9.04164
9.04164
9.04165
9.04167
9.04174
9.04194
9.04209
9.04209
9.04232
9.04234
9.0427
9.04283
9.04298
9.04362
9.04367
9.04382
9.04449
9.04474
9.04475
9.0449
9.04527
9.04535
9.04543
9.04552
9.04571
9.04588
9.04602
9.04633
9.04644
9.04684
9.04691
9.04697
9.04712
9.04733
9.04747
9.04765
9.04827
9.04827
9.04852
9.0486
9.04866
9.04868
9.04872
9.0489
9.04897
9.04919
9.0492
9.04937
9.0496
9.04968
9.04998
9.05005
9.05006
9.05007
9.05009
9.05048
9.05053
9.05058
9.05058
9.05067
9.05069
9.05091
9.051
9.05114
9.05124
9.05125
9.05136
9.05145
9.05177
9.05196
9.05222
9.05222
9.05227
9.0523
9.05235
9.05238
9.05248
9.05255
9.05261
9.05279
9.0529
9.05305
9.05331
9.05331
9.05331
9.05332
9.05342
9.05357
9.0536
9.05369
9.05448
9.05449
9.05461
9.05464
9.05466
9.05474
9.05488
9.05491
9.05548
9.05554
9.05571
9.05603
9.05605
9.05613
9.05674
9.05675
9.05677
9.05678
9.05683
9.05693
9.05719
9.0572
9.05721
9.05722
9.05722
9.05734
9.05745
9.05747
9.05768
9.05784
9.05811
9.05832
9.05851
9.05899
9.059
9.05901
9.05901
9.05902
9.05934
9.05939
9.05959
9.05982
9.06012
9.06038
9.06047
9.06054
9.06064
9.06076
9.06078
9.06082
9.06083
9.06112
9.06141
9.06144
9.0615
9.06174
9.06181
9.06182
9.06198
9.06219
9.0627
9.06318
9.06325
9.06333
9.06336
9.06368
9.0639
9.06408
9.06426
9.06435
9.06437
9.06446
9.06448
9.06452
9.06496
9.06503
9.06512
9.06512
9.06516
9.0654
9.06542
9.06544
9.06557
9.06584
9.06594
9.06596
9.06624
9.06632
9.06632
9.06658
9.06664
9.06668
9.06673
9.06683
9.06742
9.06749
9.06758
9.06761
9.06762
9.06784
9.06793
9.06807
9.06817
9.06835
9.06845
9.0685
9.06872
9.06894
9.06896
9.06899
9.06938
9.06943
9.06944
9.0697
9.06971
9.06976
9.06976
9.06981
9.06984
9.06988
9.06994
9.07
9.07006
9.07028
9.07034
9.07041
9.07044
9.07062
9.07067
9.07102
9.07106
9.0712
9.07126
9.0714
9.0714
9.07144
9.07144
9.07162
9.07182
9.07185
9.07187
9.07205
9.07222
9.07239
9.07274
9.07279
9.07291
9.07296
9.07326
9.07329
9.0733
9.07333
9.07357
9.07359
9.07391
9.07424
9.07431
9.07459
9.07478
9.07504
9.07527
9.07535
9.07563
9.07581
9.07597
9.07599
9.07611
9.07635
9.07636
9.0765
9.07656
9.07662
9.07671
9.0769
9.07692
9.07696
9.07724
9.07725
9.07726
9.07731
9.07733
9.07734
9.07774
9.0778
9.07788
9.07808
9.07808
9.0782
9.0783
9.07837
9.07849
9.07849
9.07882
9.07899
9.07899
9.07899
9.07914
9.07917
9.07918
9.07929
9.07932
9.07947
9.07971
9.07984
9.07985
9.07989
9.08017
9.08019
9.08022
9.08024
9.08029
9.08039
9.08045
9.08061
9.08108
9.0812
9.08141
9.08158
9.08163
9.08169
9.08192
9.08201
9.08202
9.08208
9.08244
9.08268
9.08272
9.08274
9.08286
9.08318
9.08352
9.08396
9.08405
9.08405
9.08415
9.08416
9.08424
9.08434
9.08434
9.08459
9.08469
9.08494
9.08502
9.08508
9.08526
9.08529
9.08542
9.08545
9.0855
9.0855
9.08564
9.08587
9.08591
9.08593
9.08595
9.08609
9.08634
9.08636
9.08636
9.08652
9.0867
9.08672
9.08689
9.08698
9.08704
9.08715
9.08727
9.08731
9.08764
9.0877
9.08797
9.08797
9.088
9.08827
9.08849
9.08849
9.08849
9.08869
9.08887
9.08914
9.08931
9.08946
9.08949
9.08959
9.08961
9.08987
9.08988
9.09
9.09011
9.09017
9.09027
9.09048
9.09076
9.09077
9.09082
9.09092
9.09134
9.09141
9.09154
9.09185
9.09189
9.09194
9.09204
9.09207
9.09245
9.09248
9.09254
9.09271
9.09307
9.09325
9.09354
9.09385
9.0939
9.0939
9.09393
9.09408
9.09426
9.09427
9.09429
9.09437
9.09437
9.09439
9.09445
9.09445
9.09445
9.09461
9.09467
9.09472
9.09476
9.09476
9.09486
9.09487
9.0949
9.09496
9.09515
9.09523
9.0954
9.09557
9.0959
9.09592
9.09604
9.09619
9.09662
9.09678
9.0968
9.09699
9.09703
9.09713
9.09716
9.09718
9.09731
9.09743
9.09744
9.09761
9.09788
9.09805
9.09838
9.0985
9.09866
9.09869
9.09909
9.09929
9.09934
9.0995
9.09951
9.09952
9.09956
9.09979
9.0999
9.09991
9.09998
9.10016
9.10045
9.10055
9.10058
9.10062
9.10062
9.10063
9.10078
9.10111
9.10137
9.10161
9.10166
9.10191
9.10197
9.10234
9.10241
9.10257
9.10274
9.10298
9.10304
9.10315
9.10332
9.10371
9.10394
9.10411
9.10419
9.10428
9.1043
9.10441
9.10444
9.10449
9.10464
9.10465
9.10489
9.10492
9.10502
9.10513
9.10515
9.10515
9.1053
9.10533
9.10534
9.10537
9.10556
9.10559
9.10568
9.10573
9.10574
9.1058
9.10591
9.10601
9.10603
9.1061
9.10644
9.10653
9.10664
9.10697
9.107
9.10748
9.10754
9.10761
9.10783
9.1079
9.10793
9.10803
9.10803
9.10837
9.10858
9.10864
9.10882
9.10884
9.10889
9.10958
9.10963
9.10967
9.10967
9.10982
9.11005
9.11029
9.11062
9.11073
9.11104
9.11123
9.11126
9.11129
9.11132
9.11134
9.11137
9.11155
9.11171
9.11199
9.11203
9.11207
9.1121
9.11212
9.11213
9.11215
9.11222
9.11231
9.11235
9.11246
9.11254
9.1126
9.11264
9.11284
9.11298
9.11304
9.11308
9.11316
9.11317
9.11323
9.11329
9.11331
9.11335
9.1134
9.11347
9.11348
9.11348
9.11354
9.11356
9.11358
9.11366
9.11375
9.11453
9.11454
9.11471
9.11472
9.11489
9.1149
9.11492
9.11502
9.11512
9.11526
9.11532
9.11533
9.11545
9.11565
9.11576
9.11577
9.11577
9.11592
9.11594
9.11596
9.11609
9.11633
9.1165
9.1165
9.1166
9.11664
9.11674
9.11718
9.11736
9.11751
9.11764
9.11775
9.11808
9.11817
9.11825
9.11835
9.11839
9.1189
9.11918
9.11918
9.11933
9.11933
9.11935
9.11936
9.11947
9.11949
9.11954
9.11961
9.11962
9.11967
9.11976
9.11982
9.11986
9.11992
9.12017
9.1202
9.12026
9.1204
9.1204
9.12043
9.12055
9.1209
9.12108
9.12112
9.12138
9.12144
9.12157
9.12158
9.12182
9.12191
9.12214
9.12248
9.12252
9.12267
9.12319
9.12322
9.12341
9.12377
9.12385
9.12391
9.12407
9.12411
9.12412
9.12415
9.12423
9.12431
9.1244
9.1244
9.12447
9.1246
9.12466
9.12478
9.1248
9.12484
9.1249
9.12508
9.12509
9.12514
9.12569
9.12577
9.12593
9.12612
9.12629
9.12644
9.12649
9.12653
9.12678
9.12685
9.1271
9.12712
9.12712
9.12715
9.12733
9.1274
9.12752
9.12753
9.12766
9.12818
9.1282
9.12825
9.12859
9.12863
9.12877
9.12883
9.12888
9.12909
9.12923
9.12969
9.12971
9.12973
9.1299
9.13
9.13006
9.13014
9.13031
9.13035
9.13035
9.13056
9.13058
9.13089
9.13089
9.13093
9.13094
9.131
9.13103
9.13114
9.13133
9.13154
9.13168
9.1319
9.13209
9.13238
9.13255
9.13277
9.13281
9.13335
9.13335
9.13383
9.13393
9.13405
9.13416
9.13419
9.13422
9.1343
9.13434
9.13437
9.13442
9.13444
9.13461
9.13462
9.13467
9.13469
9.13472
9.13503
9.13508
9.13518
9.13539
9.13559
9.13586
9.13605
9.1361
9.1362
9.13651
9.13662
9.13669
9.13669
9.13678
9.13701
9.13712
9.13721
9.1373
9.13737
9.13739
9.13745
9.13759
9.13762
9.13784
9.13798
9.13806
9.13813
9.13814
9.13841
9.13847
9.13856
9.13874
9.13878
9.13882
9.13903
9.13905
9.13906
9.1391
9.13921
9.13923
9.13925
9.13941
9.13942
9.13944
9.13956
9.13973
9.14003
9.14007
9.14014
9.14016
9.14028
9.14059
9.14069
9.14069
9.14075
9.14089
9.14107
9.14109
9.14109
9.1412
9.14128
9.14129
9.14144
9.14151
9.14152
9.14154
9.14158
9.14159
9.14182
9.14183
9.14191
9.14192
9.14211
9.14221
9.14236
9.14238
9.14286
9.14286
9.14305
9.14317
9.14319
9.14332
9.1434
9.14344
9.14359
9.14359
9.14379
9.14401
9.14415
9.14451
9.14476
9.14501
9.14502
9.14511
9.14516
9.14531
9.14533
9.14539
9.14541
9.14546
9.14605
9.14632
9.14639
9.14645
9.14656
9.14661
9.14662
9.14665
9.14676
9.14681
9.14694
9.14728
9.14735
9.14739
9.14763
9.14764
9.14777
9.14787
9.14789
9.14797
9.14797
9.14805
9.14806
9.1481
9.14817
9.14828
9.1483
9.14832
9.14835
9.14845
9.1486
9.1487
9.14881
9.14909
9.14928
9.14936
9.14937
9.14963
9.14984
9.14984
9.15012
9.15014
9.15018
9.15026
9.15027
9.15041
9.15042
9.15045
9.15048
9.15071
9.15096
9.15105
9.15109
9.15129
9.15139
9.15149
9.15175
9.15185
9.15192
9.15211
9.15225
9.15246
9.15266
9.15277
9.15278
9.15301
9.15309
9.15327
9.15352
9.15358
9.15361
9.15369
9.15388
9.154
9.15411
9.15413
9.15419
9.15453
9.15458
9.1546
9.15466
9.15473
9.15474
9.15488
9.15493
9.15513
9.15519
9.15534
9.15551
9.15554
9.15558
9.15566
9.15585
9.15603
9.15606
9.15612
9.15646
9.15649
9.15667
9.15677
9.15677
9.15682
9.15702
9.15727
9.15729
9.15738
9.1574
9.15743
9.15748
9.15759
9.15765
9.15789
9.15797
9.15802
9.15806
9.1581
9.15812
9.15813
9.15822
9.15841
9.15881
9.15883
9.15884
9.15891
9.15899
9.15901
9.15909
9.1592
9.15927
9.15935
9.15955
9.15971
9.15984
9.15992
9.16001
9.16008
9.1604
9.16062
9.16089
9.16097
9.16108
9.16122
9.16123
9.16125
9.16126
9.16139
9.1617
9.16182
9.16193
9.16197
9.16204
9.16205
9.16209
9.16261
9.16264
9.16285
9.1629
9.16314
9.16357
9.16378
9.16396
9.1642
9.16445
9.16447
9.1645
9.16451
9.16455
9.16459
9.16461
9.16482
9.1649
9.16546
9.16554
9.1656
9.16582
9.16587
9.16592
9.16593
9.16627
9.16653
9.16655
9.16659
9.16659
9.16688
9.16692
9.16696
9.16701
9.16704
9.16709
9.1673
9.16756
9.16767
9.16776
9.16802
9.16831
9.16867
9.16887
9.16891
9.16895
9.169
9.16903
9.16945
9.16946
9.16961
9.1697
9.16985
9.16988
9.16997
9.17
9.17007
9.17007
9.17008
9.17015
9.17032
9.17033
9.17038
9.17054
9.17066
9.17085
9.17087
9.17128
9.17172
9.17238
9.17247
9.1726
9.17262
9.17263
9.1727
9.17282
9.17283
9.17287
9.17289
9.17303
9.17304
9.1732
9.17352
9.17354
9.17358
9.17377
9.17381
9.17394
9.174
9.17415
9.17422
9.17426
9.17447
9.17451
9.17456
9.17456
9.17457
9.17465
9.17465
9.17471
9.17478
9.17483
9.17489
9.17515
9.17522
9.17522
9.17533
9.1754
9.17584
9.17596
9.1761
9.17646
9.17661
9.17664
9.17671
9.17672
9.17686
9.17703
9.17718
9.17763
9.17775
9.17776
9.17794
9.17825
9.17826
9.17827
9.1784
9.17868
9.17924
9.17934
9.17943
9.17999
9.18002
9.18006
9.18018
9.18071
9.18072
9.18124
9.18125
9.1813
9.18139
9.18143
9.18148
9.18154
9.18154
9.18178
9.18189
9.18192
9.18197
9.18232
9.18234
9.18243
9.18253
9.18256
9.18265
9.18279
9.18294
9.18308
9.18314
9.18325
9.18347
9.18353
9.18357
9.1836
9.18362
9.18366
9.18366
9.18374
9.1838
9.18382
9.18387
9.18396
9.1843
9.18477
9.18477
9.1848
9.18524
9.1855
9.18561
9.18587
9.18592
9.18604
9.1861
9.18615
9.18648
9.18653
9.18656
9.18657
9.18675
9.18689
9.18699
9.18702
9.18736
9.18738
9.18739
9.18742
9.18796
9.18801
9.18801
9.18816
9.18819
9.18823
9.18826
9.18832
9.18839
9.18869
9.18873
9.18878
9.18883
9.18887
9.18943
9.18987
9.18991
9.19022
9.19026
9.19051
9.19072
9.19074
9.19088
9.19095
9.19126
9.19143
9.19167
9.19177
9.1918
9.19191
9.19216
9.19219
9.19224
9.19246
9.19248
9.1925
9.19253
9.19282
9.19298
9.19315
9.19334
9.19339
9.19339
9.19341
9.19347
9.19365
9.19377
9.19468
9.19473
9.19486
9.19494
9.19501
9.19507
9.19513
9.19513
9.19535
9.19541
9.19541
9.1956
9.19576
9.19604
9.19614
9.19633
9.19663
9.19679
9.19687
9.1969
9.19706
9.19713
9.1972
9.19744
9.19757
9.19779
9.19787
9.19792
9.19795
9.19805
9.19814
9.19825
9.19831
9.19852
9.19857
9.19858
9.19881
9.19885
9.19916
9.19926
9.19934
9.19939
9.1994
9.19945
9.19948
9.19955
9.19963
9.20019
9.20021
9.20031
9.20038
9.20052
9.20063
9.20069
9.20107
9.20113
9.20123
9.20132
9.2014
9.20147
9.2015
9.20161
9.2017
9.20199
9.20202
9.20216
9.20235
9.20236
9.20266
9.20299
9.20315
9.20325
9.2033
9.20338
9.20352
9.2036
9.20365
9.20369
9.20385
9.20391
9.20391
9.20425
9.20443
9.20456
9.20456
9.20465
9.20466
9.20472
9.20482
9.20484
9.20489
9.20517
9.20569
9.2057
9.20599
9.20608
9.20615
9.20616
9.20617
9.2062
9.2062
9.20627
9.20633
9.2064
9.20679
9.20681
9.20685
9.20698
9.20708
9.20745
9.20781
9.20794
9.2081
9.20835
9.20837
9.20845
9.20867
9.20873
9.2089
9.20898
9.20899
9.20901
9.20914
9.2092
9.2094
9.20942
9.2097
9.20984
9.20996
9.21054
9.21086
9.21092
9.21117
9.21118
9.2115
9.21166
9.2118
9.2121
9.21221
9.21248
9.21275
9.21284
9.21287
9.21289
9.21314
9.21332
9.21347
9.21362
9.21397
9.21409
9.21427
9.2143
9.21435
9.21469
9.21495
9.215
9.21506
9.21516
9.21524
9.21565
9.21592
9.21597
9.21614
9.21614
9.21632
9.21642
9.21648
9.2165
9.21659
9.2167
9.21681
9.21702
9.21719
9.2172
9.21732
9.2178
9.21793
9.2181
9.21814
9.21828
9.21843
9.21843
9.21865
9.21876
9.21878
9.21896
9.21898
9.21921
9.21926
9.21927
9.2193
9.21935
9.21966
9.21974
9.21985
9.21995
9.22001
9.22016
9.22039
9.22082
9.22082
9.22102
9.22119
9.22119
9.22134
9.22138
9.22191
9.22215
9.22248
9.22255
9.22268
9.22278
9.22297
9.22303
9.22305
9.22319
9.22321
9.22335
9.22341
9.22356
9.22374
9.22382
9.22394
9.22394
9.22395
9.224
9.22408
9.22422
9.22439
9.22453
9.22469
9.22474
9.225
9.22506
9.22515
9.22525
9.22528
9.22539
9.2255
9.22554
9.22566
9.22568
9.22594
9.22627
9.2264
9.22642
9.22647
9.2267
9.22681
9.22684
9.22686
9.22702
9.22716
9.22724
9.22746
9.22749
9.2275
9.2277
9.22784
9.22789
9.22797
9.22799
9.22814
9.22844
9.22846
9.22848
9.22892
9.22917
9.22933
9.22964
9.2297
9.22985
9.22994
9.23055
9.23057
9.23058
9.23082
9.23082
9.23096
9.23108
9.23149
9.2315
9.23152
9.23166
9.23181
9.23241
9.2325
9.23251
9.23251
9.23254
9.2327
9.23271
9.23298
9.23304
9.2331
9.23314
9.23338
9.23341
9.23344
9.23346
9.23388
9.23396
9.23399
9.23418
9.2342
9.23421
9.23438
9.23441
9.23459
9.23461
9.23501
9.23525
9.23547
9.23553
9.23557
9.23558
9.23581
9.23586
9.23593
9.23602
9.23613
9.23618
9.23627
9.23645
9.23659
9.23679
9.23684
9.23707
9.23731
9.23737
9.23769
9.23775
9.23782
9.23797
9.23813
9.23837
9.23841
9.23845
9.2385
9.23868
9.23881
9.23887
9.23892
9.23899
9.23906
9.23913
9.23913
9.23927
9.23931
9.23953
9.23957
9.23958
9.24048
9.24051
9.24063
9.24077
9.24082
9.24094
9.24099
9.24101
9.24115
9.24119
9.24131
9.24139
9.2414
9.24167
9.24178
9.24187
9.24212
9.24214
9.2422
9.2426
9.24279
9.24285
9.24291
9.24296
9.24298
9.24313
9.24327
9.24328
9.24339
9.24366
9.24395
9.24411
9.24413
9.2442
9.24423
9.24427
9.24467
9.24494
9.24498
9.24508
9.24514
9.24569
9.24575
9.24589
9.24621
9.24628
9.2465
9.24657
9.24659
9.24698
9.24724
9.24725
9.24734
9.24735
9.2474
9.24744
9.24765
9.24771
9.24772
9.24793
9.24806
9.2481
9.24829
9.24832
9.24832
9.24851
9.24851
9.24856
9.24865
9.24884
9.24888
9.24889
9.249
9.24917
9.24925
9.24941
9.24954
9.24966
9.24986
9.25005
9.25029
9.25032
9.25035
9.25053
9.2508
9.25094
9.25102
9.25108
9.25111
9.2512
9.25123
9.25133
9.2514
9.25168
9.25188
9.25208
9.25215
9.2524
9.25276
9.25292
9.25339
9.25346
9.25361
9.25363
9.25405
9.25407
9.2541
9.25428
9.25434
9.25442
9.25461
9.25463
9.2548
9.25516
9.25566
9.25579
9.25597
9.25604
9.25612
9.25618
9.25638
9.25663
9.25672
9.25687
9.25695
9.25705
9.25719
9.2572
9.25734
9.25738
9.25782
9.25797
9.25805
9.25822
9.25866
9.25887
9.25891
9.25902
9.25926
9.25965
9.25981
9.25985
9.25988
9.25994
9.26008
9.2603
9.2605
9.26068
9.26078
9.26101
9.26113
9.26114
9.26118
9.26125
9.26142
9.26143
9.26144
9.26157
9.26159
9.26171
9.26191
9.26195
9.26196
9.26213
9.2623
9.26259
9.26299
9.263
9.26303
9.26322
9.26348
9.26366
9.26385
9.26412
9.26415
9.26417
9.26425
9.26432
9.2644
9.26444
9.26463
9.26501
9.26502
9.26512
9.2653
9.26586
9.266
9.26606
9.26634
9.26688
9.26694
9.26706
9.26706
9.2672
9.26754
9.26758
9.26768
9.2678
9.26784
9.26854
9.26861
9.26878
9.2688
9.26881
9.26886
9.26891
9.2692
9.26922
9.2693
9.26938
9.26939
9.26974
9.26989
9.27007
9.27019
9.27022
9.27026
9.27026
9.27033
9.27047
9.27055
9.27061
9.27081
9.27175
9.27181
9.27217
9.27218
9.27225
9.27227
9.27253
9.2729
9.27294
9.2731
9.27369
9.27389
9.27397
9.27404
9.27452
9.27468
9.2747
9.27497
9.27505
9.27516
9.2753
9.27553
9.27573
9.27581
9.27594
9.27607
9.27641
9.27687
9.27702
9.27716
9.27739
9.27763
9.27766
9.27773
9.27787
9.27788
9.2779
9.27796
9.27814
9.27824
9.27827
9.2784
9.27847
9.2785
9.27852
9.27881
9.27882
9.27892
9.27916
9.27924
9.27939
9.27955
9.27974
9.28014
9.2802
9.28032
9.28044
9.28053
9.28065
9.28085
9.28104
9.28105
9.28111
9.28125
9.2813
9.28135
9.28161
9.28176
9.28208
9.28214
9.28218
9.28219
9.28228
9.2823
9.28231
9.28236
9.28254
9.28266
9.28273
9.283
9.28314
9.28347
9.28381
9.28414
9.28425
9.28427
9.2844
9.28481
9.28551
9.28557
9.2857
9.28572
9.28581
9.28587
9.28619
9.28624
9.28624
9.28632
9.28642
9.28644
9.28674
9.28681
9.28717
9.28726
9.28737
9.28754
9.28764
9.28783
9.28791
9.28792
9.28822
9.28865
9.28887
9.28895
9.28911
9.28926
9.28957
9.28981
9.28981
9.28982
9.28989
9.28994
9.29028
9.2904
9.2906
9.29065
9.2908
9.29135
9.2916
9.29166
9.29184
9.29187
9.29202
9.29216
9.2922
9.29236
9.2925
9.29251
9.2926
9.29274
9.29289
9.29297
9.29326
9.29334
9.2935
9.29373
9.29412
9.29415
9.29423
9.29427
9.29438
9.29443
9.29474
9.2948
9.29482
9.29486
9.29521
9.29522
9.29533
9.29558
9.29562
9.29577
9.2958
9.29584
9.29601
9.29619
9.29621
9.29648
9.29649
9.29668
9.29677
9.29691
9.29751
9.29789
9.29806
9.29843
9.29844
9.2987
9.29917
9.29925
9.29928
9.29945
9.29947
9.29947
9.29963
9.29973
9.29977
9.29978
9.29979
9.29983
9.29984
9.29992
9.29995
9.30005
9.30005
9.30009
9.30028
9.30065
9.30077
9.30077
9.30087
9.30091
9.30101
9.30101
9.30114
9.3012
9.30161
9.30168
9.30191
9.30204
9.30204
9.30231
9.30264
9.30265
9.30297
9.30307
9.30335
9.30336
9.30339
9.30339
9.30386
9.30405
9.30431
9.30466
9.30466
9.30482
9.30525
9.30526
9.30617
9.3064
9.3064
9.30646
9.30655
9.30691
9.30695
9.30725
9.30752
9.30775
9.30801
9.30839
9.30854
9.30871
9.30943
9.30949
9.30955
9.30957
9.30961
9.31018
9.3102
9.31042
9.31057
9.31087
9.31087
9.3111
9.31113
9.31116
9.31122
9.31133
9.31175
9.31244
9.31262
9.31266
9.31275
9.31277
9.31299
9.31302
9.31338
9.3134
9.31373
9.31374
9.31376
9.31394
9.31468
9.31477
9.31482
9.31494
9.31501
9.31512
9.31575
9.31576
9.31577
9.31579
9.3158
9.31589
9.31657
9.31659
9.31666
9.31675
9.31682
9.31697
9.31716
9.31718
9.31738
9.31759
9.31797
9.31799
9.31805
9.31844
9.31853
9.31858
9.31874
9.31879
9.3188
9.31918
9.31937
9.31942
9.31948
9.31999
9.32009
9.32049
9.32072
9.32074
9.32081
9.32094
9.32098
9.32104
9.3211
9.32229
9.32233
9.32265
9.32267
9.32293
9.32307
9.32308
9.32312
9.32313
9.32319
9.32341
9.32358
9.32401
9.32411
9.32417
9.3242
9.32425
9.32454
9.32454
9.32458
9.32534
9.32537
9.32543
9.32566
9.32573
9.32608
9.32611
9.32615
9.32625
9.32659
9.32671
9.32679
9.32681
9.32689
9.32713
9.32714
9.32778
9.32779
9.32788
9.328
9.32833
9.32853
9.32875
9.32888
9.32917
9.32962
9.32966
9.32977
9.33022
9.33055
9.3307
9.3307
9.33094
9.33112
9.33115
9.33117
9.3313
9.33144
9.33154
9.33173
9.33179
9.33192
9.33212
9.33214
9.33231
9.33262
9.33263
9.33267
9.33284
9.33294
9.33298
9.33306
9.33316
9.33328
9.33427
9.33466
9.33513
9.33518
9.33552
9.33552
9.33559
9.33564
9.33571
9.33589
9.33605
9.33607
9.33625
9.33635
9.33642
9.33689
9.3369
9.33714
9.33756
9.33771
9.33777
9.33786
9.33793
9.33804
9.33807
9.33816
9.33824
9.33845
9.33865
9.33871
9.33874
9.33875
9.33891
9.339
9.33904
9.33955
9.33962
9.33969
9.34
9.34015
9.34038
9.34043
9.34055
9.34058
9.34068
9.3407
9.34078
9.341
9.3411
9.34143
9.34198
9.34363
9.34379
9.34407
9.3441
9.34436
9.34436
9.34437
9.34458
9.34468
9.34471
9.34484
9.34525
9.34534
9.34557
9.34561
9.34563
9.34573
9.34576
9.34591
9.346
9.34603
9.34628
9.34647
9.34652
9.34657
9.34665
9.34677
9.34681
9.34703
9.34718
9.34771
9.34804
9.34809
9.3483
9.34839
9.34846
9.34849
9.34883
9.34885
9.34902
9.34913
9.34921
9.34926
9.34929
9.34944
9.34945
9.34971
9.3501
9.35013
9.35023
9.35028
9.35042
9.35066
9.35075
9.35124
9.35127
9.35128
9.35128
9.35136
9.3518
9.35197
9.35237
9.35242
9.35254
9.35277
9.3528
9.35306
9.35319
9.35349
9.35352
9.35377
9.35399
9.35408
9.35412
9.35417
9.35441
9.35461
9.35486
9.35494
9.35525
9.35534
9.35539
9.35551
9.35627
9.35666
9.35692
9.35733
9.35745
9.35777
9.35802
9.35817
9.35817
9.35823
9.35835
9.35898
9.35899
9.35906
9.35975
9.35988
9.36021
9.36038
9.36054
9.36065
9.36065
9.36082
9.36087
9.36096
9.36103
9.36115
9.36137
9.36164
9.36177
9.3624
9.36258
9.3629
9.36298
9.36305
9.36332
9.36338
9.36394
9.36422
9.3644
9.36447
9.36448
9.36459
9.36478
9.36504
9.36517
9.36521
9.36532
9.36544
9.36548
9.36566
9.36573
9.36584
9.36623
9.36646
9.36739
9.36746
9.36757
9.368
9.36821
9.36864
9.3687
9.36871
9.36874
9.36944
9.36985
9.37
9.37012
9.3703
9.37045
9.37049
9.37057
9.37057
9.3706
9.37078
9.37115
9.3712
9.37132
9.37163
9.37172
9.37191
9.37213
9.37248
9.37263
9.37266
9.37274
9.37285
9.37295
9.37317
9.37372
9.37387
9.37391
9.374
9.37418
9.37439
9.37443
9.37448
9.37475
9.3748
9.37494
9.37494
9.37518
9.37532
9.37538
9.37539
9.37541
9.37547
9.37569
9.37575
9.3758
9.37581
9.37592
9.37599
9.37634
9.37635
9.37654
9.37667
9.37678
9.37681
9.37708
9.37732
9.37748
9.37759
9.37766
9.37788
9.37827
9.37863
9.37912
9.37916
9.37921
9.37929
9.37934
9.37934
9.37936
9.37949
9.37951
9.37953
9.37961
9.37969
9.37976
9.37979
9.37998
9.38001
9.38012
9.38065
9.38095
9.38095
9.38097
9.38107
9.38112
9.3813
9.38295
9.38326
9.38352
9.38355
9.38359
9.38375
9.38438
9.38445
9.38468
9.3847
9.38498
9.385
9.38501
9.38504
9.38546
9.3855
9.3856
9.38566
9.38572
9.38573
9.38575
9.38582
9.38591
9.38644
9.3873
9.38741
9.38753
9.38765
9.3878
9.38786
9.38789
9.38807
9.38839
9.3884
9.38856
9.3886
9.38877
9.38881
9.38886
9.38895
9.38897
9.38913
9.38945
9.38966
9.38966
9.38968
9.3898
9.38988
9.38989
9.39001
9.3903
9.39037
9.39049
9.3906
9.39064
9.39076
9.39091
9.39098
9.39107
9.39132
9.39137
9.39149
9.3918
9.39183
9.39203
9.3921
9.39237
9.39276
9.39354
9.39382
9.39402
9.39417
9.39418
9.39419
9.39446
9.39484
9.39488
9.39505
9.39514
9.39522
9.39571
9.39579
9.3959
9.39619
9.39639
9.39649
9.3965
9.39662
9.3968
9.39683
9.39806
9.39871
9.39881
9.39889
9.39891
9.39905
9.39907
9.39922
9.39935
9.39969
9.4
9.40001
9.40058
9.40067
9.40069
9.40101
9.4015
9.4017
9.4018
9.40211
9.40225
9.40227
9.40275
9.40286
9.40291
9.40302
9.40336
9.40351
9.40367
9.40381
9.40398
9.40403
9.40403
9.40441
9.40505
9.40508
9.40532
9.40549
9.4055
9.40551
9.40593
9.40612
9.40617
9.40669
9.40698
9.40704
9.40704
9.40715
9.40745
9.40758
9.4077
9.40778
9.40784
9.4079
9.40826
9.40827
9.40827
9.40849
9.40871
9.40872
9.40877
9.40878
9.409
9.40909
9.40954
9.4098
9.41002
9.41005
9.41016
9.41021
9.41027
9.41033
9.41041
9.41102
9.41108
9.41141
9.41144
9.41146
9.41179
9.41189
9.41244
9.41316
9.41372
9.41405
9.41433
9.41449
9.41457
9.41459
9.41476
9.41477
9.41522
9.41582
9.41588
9.41604
9.41646
9.41683
9.41697
9.41725
9.41766
9.41782
9.41807
9.41849
9.41853
9.41891
9.41925
9.41991
9.41993
9.41995
9.42021
9.4207
9.42098
9.42107
9.42135
9.42149
9.42149
9.42156
9.42156
9.4216
9.42167
9.42221
9.42247
9.42258
9.42312
9.42394
9.42439
9.42441
9.42441
9.42485
9.42487
9.42508
9.42513
9.42551
9.42562
9.42569
9.42571
9.42581
9.42584
9.42588
9.42639
9.42642
9.42653
9.42683
9.42692
9.42704
9.4275
9.42786
9.42816
9.42839
9.42854
9.42882
9.42895
9.42937
9.42958
9.42995
9.43
9.43005
9.43012
9.43038
9.43083
9.43137
9.43138
9.43148
9.43159
9.43173
9.43211
9.43223
9.43231
9.43261
9.43298
9.43335
9.4335
9.43353
9.43358
9.43372
9.43379
9.43404
9.43458
9.4355
9.43604
9.43626
9.43641
9.43642
9.43651
9.43744
9.43778
9.43783
9.43793
9.43795
9.43809
9.43861
9.43864
9.43874
9.43878
9.43884
9.43898
9.439
9.4398
9.43986
9.44002
9.44014
9.44031
9.44034
9.44077
9.4408
9.441
9.44108
9.44119
9.4412
9.44219
9.44227
9.44231
9.44245
9.44257
9.44283
9.44295
9.44321
9.44326
9.44334
9.44354
9.4439
9.44405
9.44453
9.44528
9.4457
9.44593
9.44621
9.44624
9.44625
9.44666
9.44671
9.44857
9.44875
9.4491
9.44934
9.44935
9.44967
9.4497
9.44973
9.45016
9.45035
9.45057
9.45147
9.45161
9.45209
9.45241
9.45252
9.45284
9.45292
9.45302
9.45304
9.45306
9.45324
9.45382
9.45438
9.45453
9.45467
9.45489
9.45492
9.45501
9.45511
9.45521
9.45522
9.45555
9.45561
9.45578
9.45578
9.45661
9.45665
9.45731
9.45732
9.45735
9.458
9.45848
9.45949
9.45961
9.46029
9.46063
9.46065
9.46082
9.46145
9.46205
9.4621
9.46225
9.46247
9.46249
9.46283
9.46355
9.46368
9.46397
9.46406
9.4653
9.46576
9.46578
9.4666
9.46679
9.46711
9.4674
9.46748
9.46841
9.46843
9.46895
9.46935
9.46938
9.46952
9.46953
9.4699
9.47004
9.47014
9.47052
9.47055
9.47069
9.47117
9.4715
9.47152
9.47165
9.47203
9.4722
9.47336
9.47351
9.47369
9.47456
9.47496
9.47566
9.47614
9.4762
9.47726
9.47758
9.4779
9.47801
9.47869
9.47959
9.47965
9.47966
9.47973
9.48005
9.48065
9.48231
9.48278
9.48302
9.48313
9.48395
9.48401
9.48454
9.4847
9.48483
9.48483
9.48493
9.48504
9.48511
9.48518
9.48556
9.48567
9.48582
9.48597
9.48682
9.48714
9.48812
9.48818
9.48898
9.48907
9.48922
9.48929
9.48955
9.4897
9.48985
9.49015
9.49026
9.49046
9.49064
9.49093
9.49187
9.49193
9.49275
9.4931
9.49325
9.49338
9.49365
9.49396
9.49413
9.49457
9.49594
9.49613
9.49633
9.49706
9.49714
9.49765
9.49779
9.49791
9.49795
9.49818
9.49824
9.49824
9.49867
9.49876
9.49886
9.4992
9.49966
9.50003
9.50022
9.50086
9.50121
9.50216
9.50254
9.50266
9.50332
9.50357
9.50434
9.50436
9.50441
9.50491
9.50543
9.50547
9.50585
9.50645
9.5074
9.50806
9.50814
9.50851
9.50858
9.50879
9.50992
9.51018
9.51036
9.51088
9.51104
9.51309
9.51322
9.51342
9.51352
9.51362
9.51409
9.51438
9.51512
9.51538
9.51558
9.51602
9.51606
9.51625
9.51641
9.51646
9.51653
9.51714
9.51726
9.51795
9.51951
9.51998
9.52022
9.52024
9.52059
9.52154
9.52199
9.52263
9.52272
9.52295
9.52387
9.52418
9.52476
9.52581
9.52598
9.52726
9.52809
9.52874
9.52879
9.52929
9.53121
9.53129
9.53197
9.53206
9.53208
9.5321
9.53264
9.53296
9.53305
9.53359
9.53379
9.53387
9.53455
9.53457
9.53529
9.53552
9.53555
9.53557
9.53625
9.53672
9.53704
9.5373
9.53923
9.54021
9.54085
9.54114
9.54139
9.54204
9.54242
9.54359
9.54416
9.5447
9.54499
9.54511
9.54542
9.54573
9.54644
9.54688
9.54712
9.54727
9.54758
9.54765
9.54801
9.54877
9.54885
9.5504
9.5506
9.55193
9.55221
9.55234
9.55284
9.55292
9.55305
9.55332
9.55361
9.55403
9.55505
9.55511
9.55549
9.55581
9.55605
9.55701
9.55737
9.55799
9.55878
9.55975
9.55978
9.56002
9.56028
9.56037
9.56056
9.5609
9.56135
9.56195
9.56213
9.56251
9.56258
9.56267
9.56301
9.56396
9.56446
9.56517
9.56595
9.56652
9.56664
9.56676
9.56684
9.56692
9.5672
9.56731
9.5685
9.56854
9.56862
9.56878
9.56947
9.56971
9.56985
9.56995
9.57003
9.57042
9.57069
9.57072
9.57339
9.5737
9.57493
9.57518
9.57612
9.57614
9.57615
9.57753
9.57758
9.57781
9.57784
9.5786
9.57899
9.57925
9.58047
9.58138
9.5825
9.58257
9.58366
9.58369
9.58471
9.58508
9.58543
9.58558
9.58633
9.58658
9.58687
9.58773
9.58849
9.58927
9.58928
9.58946
9.58998
9.59074
9.59082
9.59099
9.59209
9.59587
9.59642
9.59654
9.59698
9.59714
9.59876
9.59909
9.59967
9.59974
9.59987
9.60016
9.6006
9.60301
9.60376
9.60521
9.6074
9.60877
9.61078
9.61147
9.61173
9.6118
9.61297
9.61333
9.61418
9.615
9.61746
9.61826
9.61888
9.61986
9.61988
9.61996
9.61996
9.62071
9.62316
9.62438
9.62446
9.62511
9.62568
9.62593
9.62597
9.62621
9.62661
9.62724
9.62782
9.62801
9.6321
9.63218
9.63315
9.63378
9.63462
9.63502
9.63515
9.63565
9.63838
9.63884
9.63928
9.64123
9.64279
9.64323
9.64327
9.64341
9.64359
9.64646
9.64713
9.64898
9.6495
9.65092
9.65198
9.65335
9.65854
9.65924
9.66087
9.66205
9.66306
9.66464
9.66468
9.66625
9.66678
9.66681
9.67047
9.67253
9.6728
9.67311
9.67327
9.67332
9.67338
9.67388
9.67475
9.67502
9.67703
9.67789
9.67928
9.68058
9.68242
9.68507
9.68509
9.69361
9.69432
9.69698
9.69701
9.70159
9.70771
9.70867
9.71087
9.71494
9.71575
9.71901
9.71989
9.72096
9.72116
9.72173
9.72734
9.72811
9.72849
9.7324
9.73246
9.73958
9.74078
9.74423
9.74714
9.74857
9.7582
9.76045
9.76236
9.76531
9.76628
9.77177
9.77357
9.79015
9.80181
9.81256
9.82735
9.84355
9.84797
9.89725
9.92553
9.93324
