0.406765
0.433514
0.449101
0.457097
0.460459
0.465649
0.475793
0.490059
0.511369
0.521021
0.531328
0.541746
0.543505
0.55325
0.556455
0.558833
0.571963
0.584897
0.585905
0.588855
0.589125
0.589237
0.589647
0.593774
0.600407
0.608639
0.623345
0.62411
0.628347
0.634456
0.634931
0.640768
0.647615
0.652734
0.653537
0.6557
0.65619
0.662006
0.662605
0.66526
0.678095
0.683732
0.687092
0.69212
0.696796
0.69844
0.699569
0.702592
0.704288
0.704302
0.706718
0.708329
0.710256
0.710703
0.711221
0.713507
0.713529
0.713717
0.715236
0.720284
0.722785
0.722907
0.723025
0.728643
0.729115
0.732322
0.732901
0.733576
0.735668
0.736283
0.736551
0.739482
0.739724
0.742176
0.742209
0.742348
0.743666
0.745051
0.747023
0.747655
0.748298
0.753617
0.754659
0.756493
0.757308
0.757841
0.758426
0.758819
0.761465
0.761683
0.762756
0.763045
0.764867
0.764924
0.765271
0.76536
0.76616
0.774187
0.774411
0.774477
0.774816
0.774896
0.776845
0.777193
0.777329
0.777486
0.777704
0.778575
0.781281
0.781673
0.782419
0.783287
0.784555
0.785233
0.786181
0.787214
0.78829
0.789454
0.790814
0.791116
0.791451
0.792147
0.793107
0.7964
0.796713
0.797168
0.797808
0.798242
0.799053
0.799369
0.799558
0.800033
0.80075
0.800813
0.802726
0.802799
0.802913
0.803117
0.803256
0.803488
0.805174
0.805715
0.806148
0.806512
0.808347
0.810239
0.810361
0.810597
0.810644
0.810773
0.811205
0.813866
0.814172
0.81449
0.814494
0.81469
0.814697
0.815912
0.81645
0.817007
0.818471
0.819862
0.820241
0.820384
0.820769
0.821509
0.821868
0.822505
0.823224
0.823541
0.824303
0.824475
0.824567
0.824828
0.825322
0.826353
0.826933
0.827449
0.831112
0.832703
0.833012
0.834505
0.834934
0.835157
0.835286
0.835648
0.835925
0.836184
0.83626
0.836537
0.836938
0.837164
0.837336
0.837352
0.837884
0.839579
0.83983
0.840255
0.841051
0.841416
0.84173
0.841838
0.84217
0.842835
0.843477
0.846495
0.846606
0.847361
0.847363
0.847932
0.848137
0.850267
0.850677
0.851275
0.852428
0.853099
0.853459
0.853472
0.854018
0.854356
0.855331
0.855338
0.856215
0.856471
0.856479
0.8565
0.856587
0.857079
0.857099
0.857297
0.857605
0.857626
0.857712
0.858001
0.858089
0.858259
0.858494
0.858718
0.859501
0.859553
0.859976
0.860644
0.861831
0.86281
0.863077
0.863219
0.863339
0.864163
0.864677
0.865084
0.86513
0.865586
0.865741
0.866349
0.866724
0.867958
0.86903
0.869082
0.870504
0.870528
0.870718
0.871407
0.871481
0.871996
0.872174
0.873691
0.873739
0.874029
0.87419
0.874579
0.874881
0.875187
0.87543
0.876127
0.87677
0.876933
0.877653
0.87833
0.878358
0.878422
0.878592
0.880318
0.88038
0.880718
0.880735
0.881756
0.88211
0.882275
0.882766
0.883924
0.884235
0.884328
0.884551
0.885946
0.886283
0.886459
0.887491
0.887705
0.887711
0.888451
0.888813
0.889305
0.889834
0.890433
0.890588
0.891754
0.892664
0.894412
0.894446
0.895175
0.895382
0.895506
0.895673
0.895795
0.896354
0.896355
0.8981
0.898191
0.898802
0.899078
0.899163
0.899434
0.899538
0.900952
0.901411
0.901557
0.901578
0.902036
0.902355
0.902806
0.903672
0.904183
0.904811
0.906387
0.906443
0.907404
0.90742
0.907583
0.907876
0.907884
0.909234
0.909736
0.909839
0.910507
0.91066
0.911497
0.91154
0.912084
0.912451
0.912926
0.912954
0.912993
0.913086
0.913791
0.914349
0.914552
0.914717
0.915587
0.915636
0.91672
0.916783
0.916802
0.916827
0.916915
0.917245
0.917271
0.917356
0.917394
0.917759
0.918181
0.918216
0.919132
0.919931
0.920133
0.920962
0.921409
0.921651
0.921706
0.921954
0.922109
0.922301
0.922418
0.92244
0.923802
0.924001
0.924259
0.925311
0.925609
0.925681
0.925912
0.926366
0.927279
0.927506
0.927607
0.92766
0.928422
0.929495
0.929532
0.929651
0.930837
0.931263
0.93137
0.931998
0.932359
0.932467
0.933493
0.935211
0.936158
0.937336
0.937604
0.938159
0.938677
0.939284
0.939492
0.939937
0.941136
0.941726
0.941757
0.941949
0.942251
0.943151
0.944463
0.944862
0.945295
0.945371
0.945462
0.946071
0.946306
0.946626
0.946653
0.946768
0.947711
0.94783
0.94798
0.948052
0.948339
0.94838
0.948986
0.949058
0.949652
0.949844
0.949993
0.951055
0.951528
0.951756
0.952169
0.952532
0.952656
0.952768
0.953152
0.953656
0.954233
0.954499
0.954985
0.955013
0.955026
0.955298
0.955338
0.955769
0.956515
0.956792
0.956816
0.957396
0.957608
0.957935
0.958808
0.958965
0.959168
0.959424
0.959526
0.959601
0.960045
0.960441
0.960517
0.960716
0.96095
0.961298
0.961669
0.961851
0.961928
0.962684
0.962728
0.963193
0.963901
0.963938
0.964233
0.964354
0.964372
0.964846
0.964937
0.965283
0.965292
0.965295
0.96557
0.965793
0.966279
0.966442
0.966758
0.967459
0.967582
0.967682
0.967993
0.96841
0.968924
0.96987
0.970443
0.970646
0.971324
0.971372
0.971727
0.972078
0.972458
0.972797
0.973301
0.973479
0.97363
0.973983
0.974342
0.97437
0.974554
0.974607
0.975003
0.975318
0.976171
0.97696
0.977349
0.977507
0.977741
0.978118
0.978329
0.978443
0.978746
0.979676
0.980228
0.980467
0.98132
0.981349
0.98232
0.982739
0.982794
0.982931
0.982931
0.983667
0.984078
0.984157
0.98442
0.984924
0.985404
0.98673
0.986739
0.987096
0.987153
0.987386
0.987727
0.988054
0.988102
0.988116
0.988174
0.988183
0.988717
0.988752
0.988893
0.98911
0.989394
0.989419
0.989459
0.989928
0.990335
0.990551
0.990568
0.990605
0.990685
0.990842
0.991279
0.991433
0.991608
0.991729
0.991827
0.991856
0.992076
0.992411
0.992858
0.992867
0.993229
0.993694
0.993846
0.994079
0.994448
0.994511
0.995004
0.99507
0.995342
0.995808
0.996247
0.996369
0.996658
0.996828
0.99692
0.997156
0.997229
0.997664
0.997848
0.998024
0.998858
0.999344
0.999395
0.999666
0.99996
0.999988
1.00028
1.00063
1.00066
1.00066
1.00088
1.00096
1.00112
1.00116
1.00158
1.00177
1.00188
1.00189
1.00203
1.00221
1.00297
1.00299
1.00315
1.00348
1.00426
1.00451
1.00513
1.00562
1.00584
1.0065
1.00659
1.00699
1.00713
1.00724
1.00736
1.00745
1.00748
1.00765
1.00793
1.00848
1.00869
1.00897
1.00905
1.01051
1.01064
1.01069
1.01108
1.01134
1.01166
1.01181
1.01208
1.01209
1.01222
1.01335
1.0137
1.01374
1.01385
1.01388
1.0139
1.01398
1.01408
1.01422
1.01436
1.0146
1.0149
1.01587
1.01599
1.016
1.01602
1.01612
1.01661
1.01666
1.01676
1.01698
1.01714
1.01844
1.0185
1.01877
1.01894
1.01925
1.01953
1.01966
1.01974
1.01992
1.02036
1.02062
1.02082
1.02087
1.02092
1.02119
1.0213
1.02149
1.02189
1.02193
1.02216
1.02219
1.02244
1.02251
1.02289
1.02379
1.02393
1.02468
1.02485
1.02501
1.02516
1.02518
1.02548
1.0256
1.02568
1.02616
1.0263
1.02663
1.02663
1.02688
1.02723
1.02737
1.02805
1.02814
1.02817
1.02833
1.02852
1.02917
1.02973
1.03001
1.0306
1.03161
1.03166
1.03188
1.03194
1.03195
1.0322
1.03224
1.03261
1.03295
1.03298
1.03313
1.03337
1.03349
1.03382
1.03397
1.03412
1.03491
1.03549
1.03589
1.03591
1.03596
1.03607
1.03637
1.03658
1.03661
1.0371
1.03712
1.03722
1.03723
1.03736
1.03747
1.03749
1.03792
1.03808
1.03817
1.03887
1.03889
1.0389
1.03971
1.04008
1.04088
1.04115
1.04118
1.04124
1.0418
1.04181
1.0423
1.04239
1.04245
1.0429
1.04297
1.04348
1.04372
1.04429
1.04443
1.04444
1.04455
1.04456
1.04482
1.04516
1.0452
1.04522
1.04531
1.04558
1.04616
1.04655
1.04655
1.04667
1.04676
1.04683
1.04707
1.04709
1.04721
1.04725
1.04728
1.0473
1.04734
1.0476
1.04766
1.0477
1.04823
1.04828
1.04855
1.04859
1.04875
1.04896
1.04924
1.04933
1.04962
1.04971
1.04974
1.04985
1.04987
1.05004
1.05023
1.05026
1.05121
1.05162
1.0518
1.05229
1.05235
1.05237
1.05284
1.05287
1.0531
1.05325
1.05359
1.05368
1.05389
1.0542
1.05427
1.05476
1.05497
1.05497
1.05523
1.05563
1.05572
1.05595
1.05595
1.05619
1.0566
1.05667
1.0568
1.05695
1.05703
1.05704
1.05706
1.05716
1.05716
1.05742
1.05756
1.0577
1.05804
1.05813
1.05834
1.05842
1.05861
1.05873
1.05927
1.05933
1.05949
1.05966
1.05971
1.0599
1.05993
1.06011
1.06029
1.06036
1.06046
1.06049
1.06084
1.061
1.06126
1.06202
1.06231
1.06256
1.0626
1.06281
1.06282
1.06309
1.0634
1.064
1.0641
1.06421
1.06426
1.06428
1.06436
1.06446
1.06448
1.06456
1.06458
1.06472
1.06502
1.06505
1.06519
1.06531
1.06533
1.06543
1.06557
1.06565
1.06614
1.06623
1.06634
1.06635
1.06664
1.06666
1.06716
1.06736
1.06744
1.06746
1.06752
1.06758
1.06773
1.06788
1.06806
1.06822
1.06827
1.0684
1.06855
1.0686
1.06873
1.06884
1.06886
1.06926
1.06932
1.0699
1.06991
1.06992
1.07028
1.07094
1.07152
1.07171
1.07178
1.07208
1.07209
1.07234
1.0725
1.07283
1.07294
1.07305
1.07308
1.07313
1.07328
1.07353
1.07399
1.07439
1.07444
1.07446
1.07452
1.07467
1.07478
1.07487
1.07489
1.07494
1.07551
1.07562
1.07587
1.07621
1.07645
1.07647
1.07658
1.07678
1.07715
1.07803
1.07807
1.07865
1.07869
1.07898
1.07922
1.07941
1.07953
1.07963
1.08052
1.08062
1.08082
1.08097
1.08116
1.08119
1.08125
1.08223
1.08239
1.0824
1.08254
1.08282
1.0829
1.08301
1.0834
1.08349
1.08404
1.08437
1.08466
1.08466
1.08478
1.085
1.08516
1.08521
1.08539
1.08561
1.08568
1.08578
1.08581
1.08595
1.0862
1.0863
1.08659
1.08685
1.08693
1.08702
1.08728
1.0874
1.08767
1.08768
1.08792
1.08844
1.08852
1.08858
1.08859
1.08864
1.08875
1.08903
1.08903
1.0893
1.08985
1.08991
1.09019
1.09042
1.09051
1.09077
1.09103
1.09107
1.09118
1.09138
1.09139
1.09178
1.0919
1.09191
1.09204
1.09211
1.09219
1.09244
1.0925
1.09304
1.09364
1.09377
1.09397
1.09398
1.09399
1.09436
1.09452
1.09472
1.0949
1.09505
1.09535
1.09562
1.09604
1.0965
1.0966
1.09684
1.09694
1.09709
1.09729
1.09812
1.09816
1.09843
1.09951
1.0997
1.09972
1.09993
1.10033
1.10045
1.10067
1.10092
1.10097
1.101
1.10121
1.10146
1.10177
1.10178
1.10184
1.10185
1.10186
1.10188
1.10215
1.10221
1.10232
1.10235
1.10257
1.10264
1.10273
1.10296
1.10325
1.10394
1.10394
1.10399
1.1041
1.10449
1.1045
1.10452
1.10456
1.10469
1.10477
1.10496
1.10509
1.1051
1.10512
1.10543
1.10553
1.10569
1.10572
1.10586
1.10621
1.10627
1.10665
1.10668
1.10675
1.10677
1.1069
1.10702
1.10727
1.10759
1.10776
1.10786
1.1082
1.10839
1.10843
1.10903
1.10934
1.10962
1.10993
1.1103
1.1105
1.11085
1.11087
1.1111
1.1113
1.11133
1.11137
1.1116
1.11176
1.11206
1.11214
1.11224
1.11242
1.11243
1.11244
1.11284
1.11301
1.11302
1.11305
1.11311
1.11317
1.1134
1.11353
1.11355
1.11357
1.1136
1.11376
1.11381
1.11406
1.1141
1.11415
1.11421
1.11426
1.11426
1.11471
1.11506
1.11513
1.11569
1.11581
1.11589
1.1159
1.11591
1.11606
1.11612
1.11628
1.11663
1.11701
1.11718
1.11745
1.11752
1.11794
1.11811
1.11817
1.11858
1.11872
1.11889
1.11899
1.11933
1.11938
1.11944
1.11957
1.11966
1.1199
1.11992
1.11996
1.12029
1.12034
1.12034
1.12047
1.12048
1.12049
1.12054
1.12058
1.1206
1.12121
1.12124
1.1213
1.12183
1.12205
1.12236
1.12253
1.12264
1.12265
1.12304
1.12309
1.12309
1.12313
1.12331
1.12333
1.12356
1.12359
1.12364
1.12369
1.12371
1.12377
1.124
1.12424
1.1243
1.12438
1.12453
1.12457
1.12461
1.12477
1.12493
1.12499
1.12518
1.12522
1.12528
1.12529
1.12536
1.12566
1.12586
1.12614
1.12624
1.12643
1.12665
1.12676
1.12686
1.12714
1.12731
1.1276
1.12775
1.12787
1.12802
1.12804
1.12805
1.12835
1.12853
1.12854
1.12879
1.12896
1.12917
1.12924
1.12953
1.12967
1.12976
1.12977
1.12978
1.12984
1.12997
1.1301
1.13021
1.1303
1.13036
1.1309
1.13095
1.131
1.13136
1.13144
1.13169
1.13182
1.13197
1.13215
1.1325
1.13262
1.13265
1.13269
1.13297
1.133
1.13303
1.13317
1.13319
1.13371
1.13375
1.13377
1.1339
1.134
1.13407
1.13425
1.13464
1.13478
1.13481
1.13485
1.13496
1.13507
1.13542
1.13569
1.13586
1.13586
1.1363
1.13643
1.13665
1.13681
1.13684
1.13694
1.13701
1.13737
1.13758
1.13758
1.13783
1.13791
1.13798
1.13803
1.13811
1.13816
1.13826
1.13839
1.13847
1.13848
1.13928
1.13967
1.13971
1.13974
1.14002
1.14019
1.14046
1.14089
1.1412
1.14125
1.14152
1.14171
1.14176
1.14177
1.14182
1.14195
1.14221
1.14224
1.14236
1.1426
1.14264
1.14277
1.1429
1.14309
1.14318
1.14321
1.14337
1.14347
1.14349
1.14358
1.14373
1.1438
1.14405
1.14407
1.14408
1.14422
1.14455
1.14469
1.14492
1.14498
1.14556
1.14573
1.14643
1.14655
1.14677
1.14683
1.14686
1.14697
1.14698
1.14707
1.14718
1.14721
1.14746
1.14757
1.14763
1.1482
1.14854
1.14897
1.14903
1.14909
1.14972
1.14988
1.14996
1.15002
1.15015
1.15015
1.15031
1.15062
1.15063
1.15067
1.15115
1.15149
1.15158
1.15174
1.15196
1.15201
1.15206
1.15214
1.15226
1.15229
1.1523
1.15236
1.15256
1.15271
1.15274
1.15292
1.15298
1.153
1.15313
1.15329
1.15341
1.15342
1.15347
1.15396
1.15419
1.15431
1.1545
1.1546
1.15468
1.15499
1.155
1.15524
1.15533
1.15545
1.1556
1.15562
1.15566
1.15572
1.15588
1.15601
1.15634
1.15639
1.15646
1.15656
1.15681
1.15688
1.15689
1.15693
1.15696
1.15705
1.15712
1.15724
1.15753
1.1578
1.15804
1.15808
1.15809
1.15821
1.15825
1.15828
1.15832
1.15843
1.15881
1.15884
1.15887
1.15889
1.15922
1.15932
1.15932
1.15932
1.1594
1.15945
1.1595
1.15971
1.15977
1.15998
1.16021
1.16027
1.16042
1.16045
1.16064
1.16077
1.16094
1.16141
1.16148
1.16156
1.16156
1.16156
1.16159
1.16173
1.16193
1.16204
1.16224
1.16232
1.16237
1.16246
1.16251
1.16258
1.16264
1.16277
1.16277
1.16281
1.16303
1.1632
1.16329
1.16333
1.16334
1.1636
1.16377
1.16396
1.16396
1.16408
1.16424
1.16438
1.16452
1.16457
1.16474
1.16481
1.16545
1.16552
1.16559
1.16565
1.16587
1.16589
1.16591
1.16594
1.16622
1.16652
1.16672
1.16676
1.16687
1.16703
1.16741
1.16751
1.16771
1.16794
1.16822
1.16832
1.1687
1.16879
1.16912
1.16918
1.16959
1.1696
1.1697
1.1698
1.17003
1.17003
1.17052
1.17058
1.17086
1.17094
1.1712
1.17121
1.17122
1.17154
1.17198
1.17204
1.17234
1.1724
1.17243
1.17246
1.1725
1.17262
1.17292
1.17301
1.17304
1.17315
1.1733
1.1734
1.17359
1.17369
1.17375
1.17408
1.17428
1.17436
1.17477
1.17484
1.17498
1.17501
1.17512
1.17523
1.17548
1.17549
1.1756
1.17561
1.17563
1.17593
1.17602
1.17609
1.17656
1.17658
1.1767
1.17699
1.17724
1.17728
1.17738
1.1774
1.17755
1.17782
1.17816
1.1782
1.1782
1.17834
1.17836
1.17849
1.17866
1.17868
1.17885
1.17898
1.17905
1.17905
1.17912
1.17924
1.17928
1.17942
1.17963
1.17983
1.17992
1.17994
1.18042
1.18043
1.18074
1.18087
1.18096
1.18111
1.18121
1.18127
1.18134
1.18146
1.18164
1.18169
1.18202
1.18206
1.18224
1.18229
1.18247
1.18261
1.18277
1.18291
1.18297
1.18298
1.18302
1.18303
1.18327
1.18329
1.18371
1.18405
1.18413
1.1844
1.18453
1.18457
1.18463
1.18477
1.18481
1.18496
1.18501
1.18502
1.18511
1.18512
1.18526
1.18527
1.18535
1.18542
1.18553
1.1856
1.1857
1.18573
1.18593
1.18598
1.18622
1.18638
1.18655
1.18657
1.18665
1.18665
1.18685
1.18696
1.18716
1.18723
1.18729
1.18732
1.18749
1.1875
1.18752
1.18776
1.18781
1.18782
1.18805
1.18806
1.18815
1.1885
1.18852
1.18857
1.1886
1.18862
1.18862
1.1888
1.18883
1.18885
1.18891
1.18891
1.18913
1.18921
1.18927
1.18942
1.1895
1.18956
1.18961
1.18962
1.18967
1.18969
1.18983
1.19008
1.19012
1.19015
1.19019
1.19026
1.19043
1.19048
1.19053
1.1908
1.19082
1.19115
1.1913
1.19146
1.19148
1.19154
1.19155
1.19171
1.1919
1.19206
1.19206
1.19212
1.19233
1.1926
1.19264
1.19283
1.19288
1.19296
1.19302
1.19322
1.19324
1.19331
1.19395
1.19404
1.19421
1.19462
1.19479
1.19494
1.19501
1.19511
1.19512
1.19519
1.19525
1.19551
1.19565
1.19566
1.19567
1.19572
1.19572
1.19586
1.19621
1.19635
1.19648
1.19655
1.19661
1.19676
1.19681
1.19691
1.19693
1.19708
1.19733
1.19743
1.19748
1.19753
1.19776
1.19777
1.19778
1.19783
1.19833
1.19839
1.19843
1.19843
1.19851
1.19853
1.19855
1.19887
1.19935
1.19957
1.1998
1.19989
1.20009
1.20013
1.20033
1.20035
1.20074
1.20081
1.20081
1.20094
1.20138
1.2014
1.20151
1.20166
1.20207
1.20222
1.2024
1.20242
1.20244
1.20258
1.20269
1.20283
1.20292
1.20296
1.20297
1.20301
1.20307
1.20311
1.20316
1.20318
1.20326
1.2034
1.2034
1.20345
1.2036
1.20374
1.20376
1.20387
1.20392
1.20405
1.20409
1.2041
1.20412
1.20414
1.20428
1.20432
1.20449
1.20484
1.20486
1.20487
1.20518
1.20595
1.20597
1.20611
1.20622
1.20644
1.20646
1.20684
1.2069
1.20693
1.20694
1.207
1.20716
1.20732
1.20734
1.20748
1.2075
1.20762
1.20772
1.20773
1.20776
1.20779
1.20793
1.20828
1.20863
1.20874
1.20882
1.20893
1.20894
1.20895
1.20911
1.20925
1.20926
1.20959
1.2096
1.20974
1.20984
1.20989
1.20998
1.21012
1.21026
1.21032
1.2104
1.21072
1.21082
1.2109
1.21127
1.21147
1.21148
1.21152
1.21161
1.21174
1.21182
1.21193
1.21207
1.2122
1.21227
1.21246
1.21254
1.21259
1.21284
1.21291
1.21304
1.21324
1.21333
1.21335
1.21348
1.21372
1.21383
1.21428
1.21435
1.2146
1.21462
1.21481
1.21511
1.21513
1.21518
1.21519
1.21525
1.21529
1.21539
1.21596
1.21705
1.21705
1.2171
1.2172
1.21725
1.21733
1.21739
1.21747
1.21748
1.21766
1.21767
1.21779
1.21782
1.2179
1.21801
1.21831
1.21847
1.21855
1.21858
1.21859
1.21869
1.2187
1.21878
1.21937
1.21938
1.21948
1.21954
1.21954
1.21964
1.2198
1.21994
1.22011
1.22017
1.22018
1.22023
1.22034
1.22043
1.22054
1.22061
1.22093
1.22097
1.22107
1.22122
1.22172
1.22183
1.22226
1.22227
1.22227
1.22263
1.22275
1.22275
1.22308
1.22311
1.22335
1.22337
1.22352
1.22408
1.22409
1.22423
1.22436
1.22439
1.22478
1.22484
1.22492
1.22518
1.22522
1.2253
1.22532
1.22556
1.22563
1.2257
1.22579
1.22579
1.22633
1.22641
1.22644
1.22653
1.22661
1.22661
1.22677
1.2268
1.22685
1.22714
1.2272
1.22727
1.2273
1.22733
1.22745
1.22759
1.22782
1.22786
1.22832
1.22835
1.22845
1.22849
1.2285
1.22851
1.22852
1.22856
1.22879
1.22887
1.22927
1.22941
1.22942
1.22943
1.22953
1.22961
1.22967
1.23
1.23023
1.23028
1.23029
1.23054
1.2306
1.23079
1.2308
1.23113
1.23126
1.23139
1.23158
1.23163
1.23173
1.23217
1.2323
1.23246
1.2326
1.23271
1.23273
1.23277
1.23279
1.23282
1.233
1.23304
1.23306
1.2331
1.23314
1.23324
1.23327
1.23335
1.23344
1.2336
1.23364
1.23381
1.23388
1.23394
1.23444
1.23468
1.23482
1.23519
1.23543
1.23557
1.23566
1.23579
1.23605
1.23629
1.23636
1.23638
1.2365
1.23678
1.23716
1.23733
1.23737
1.23739
1.23745
1.23749
1.23752
1.23782
1.23809
1.2381
1.23822
1.23835
1.23848
1.23859
1.23873
1.23896
1.23897
1.23902
1.23905
1.23914
1.23955
1.2397
1.23971
1.23971
1.23982
1.23991
1.24027
1.24028
1.2403
1.24044
1.2409
1.24093
1.24102
1.24112
1.24117
1.24122
1.24122
1.24127
1.24144
1.24145
1.24149
1.24152
1.24159
1.24161
1.24162
1.24173
1.24197
1.2422
1.2422
1.24234
1.24238
1.24238
1.24247
1.24261
1.24263
1.24316
1.24319
1.24323
1.24329
1.2433
1.24344
1.24364
1.24397
1.24416
1.2442
1.24432
1.24437
1.24447
1.24448
1.24452
1.24462
1.24472
1.24479
1.24496
1.245
1.24507
1.2451
1.2452
1.24524
1.24531
1.24534
1.24536
1.24541
1.24567
1.24605
1.24606
1.24613
1.2465
1.24661
1.24672
1.2468
1.24693
1.24704
1.24709
1.24741
1.24746
1.24751
1.2477
1.24779
1.24786
1.24827
1.24839
1.24845
1.24858
1.24869
1.24877
1.24902
1.24911
1.24974
1.24978
1.2498
1.25009
1.25013
1.25022
1.25022
1.25022
1.25056
1.25084
1.25086
1.2509
1.25094
1.25104
1.25176
1.25185
1.25193
1.25196
1.2523
1.2525
1.25255
1.25262
1.2527
1.25274
1.25298
1.253
1.25305
1.25318
1.25323
1.25329
1.25361
1.25374
1.25375
1.25378
1.25383
1.25398
1.2541
1.25428
1.25459
1.25468
1.25473
1.25483
1.25485
1.25495
1.25501
1.25519
1.2552
1.25522
1.25526
1.25542
1.25562
1.25571
1.25571
1.25587
1.25592
1.25598
1.2562
1.25621
1.25643
1.25645
1.25652
1.25672
1.25689
1.25692
1.25707
1.2571
1.25712
1.25756
1.25768
1.25795
1.25799
1.25803
1.25841
1.25842
1.25857
1.25863
1.25878
1.25886
1.25888
1.25893
1.2592
1.25922
1.25925
1.2593
1.25936
1.25948
1.25959
1.2596
1.25967
1.25979
1.25983
1.25987
1.25987
1.26001
1.26004
1.26009
1.26053
1.26077
1.26079
1.26083
1.26092
1.26113
1.2612
1.26151
1.26174
1.26196
1.26212
1.26214
1.26239
1.26245
1.26266
1.26314
1.2632
1.26366
1.26384
1.26413
1.26422
1.26443
1.26451
1.26456
1.26457
1.26469
1.26479
1.26498
1.26499
1.26526
1.2653
1.26537
1.26552
1.26563
1.26567
1.26568
1.2658
1.26588
1.26588
1.2659
1.26592
1.26638
1.2667
1.26675
1.26724
1.26734
1.26738
1.26748
1.2678
1.26791
1.26798
1.26798
1.26806
1.2681
1.2682
1.26834
1.26852
1.26853
1.26894
1.26907
1.26921
1.26963
1.2701
1.27011
1.27031
1.27037
1.27038
1.27038
1.27039
1.27051
1.27054
1.27081
1.27087
1.27089
1.271
1.27115
1.27118
1.27124
1.27149
1.27174
1.27188
1.27198
1.27207
1.27212
1.2722
1.27223
1.27257
1.27259
1.2726
1.27262
1.27297
1.27317
1.27326
1.27351
1.27358
1.27359
1.27375
1.27378
1.27396
1.27397
1.27421
1.27422
1.27432
1.27432
1.27462
1.27463
1.27487
1.27491
1.27523
1.27535
1.27536
1.27538
1.27555
1.27556
1.27561
1.27565
1.27573
1.27588
1.27594
1.27599
1.27611
1.27616
1.27616
1.27632
1.27654
1.27699
1.27707
1.27713
1.27727
1.27732
1.27735
1.27738
1.27744
1.27765
1.27783
1.27797
1.27834
1.2785
1.27865
1.27869
1.2787
1.27871
1.2789
1.2789
1.27895
1.27916
1.2793
1.27955
1.27963
1.27978
1.28005
1.28022
1.28034
1.28049
1.28054
1.28058
1.28087
1.28106
1.28122
1.28136
1.28166
1.28174
1.28206
1.2821
1.28227
1.28255
1.2826
1.28264
1.2828
1.28284
1.28298
1.28316
1.28317
1.28337
1.28353
1.28371
1.28376
1.28382
1.28384
1.28447
1.28459
1.28461
1.28463
1.28471
1.28487
1.28496
1.28496
1.28524
1.28532
1.28567
1.28577
1.28586
1.28589
1.28589
1.28598
1.28613
1.28623
1.2863
1.28653
1.28659
1.28662
1.2868
1.28681
1.28716
1.28744
1.2877
1.28814
1.28833
1.28835
1.28844
1.28879
1.2888
1.28883
1.28884
1.28891
1.28898
1.28907
1.28913
1.28914
1.28919
1.28922
1.28927
1.28947
1.29013
1.29024
1.2904
1.29045
1.29052
1.29055
1.29056
1.29063
1.29066
1.29082
1.29102
1.29139
1.29148
1.29151
1.29153
1.29187
1.29188
1.29191
1.29197
1.29216
1.29228
1.29236
1.29243
1.29254
1.29271
1.29273
1.29301
1.29324
1.29325
1.29345
1.29363
1.29403
1.29417
1.29419
1.29443
1.29455
1.29457
1.29459
1.29468
1.29473
1.29475
1.29519
1.2952
1.29531
1.2954
1.29549
1.29551
1.29553
1.29564
1.29589
1.29644
1.29657
1.2966
1.29669
1.29678
1.29684
1.2969
1.29716
1.29722
1.29727
1.29748
1.29755
1.29764
1.29767
1.29773
1.29774
1.29784
1.2979
1.29792
1.29809
1.29811
1.29813
1.29835
1.29845
1.29926
1.29957
1.29963
1.29964
1.29967
1.29987
1.30001
1.30025
1.30029
1.3003
1.30037
1.30058
1.30068
1.30093
1.30105
1.30125
1.30139
1.30148
1.30151
1.30157
1.30184
1.30188
1.30191
1.30255
1.30263
1.30306
1.30312
1.30322
1.30337
1.30357
1.30375
1.30379
1.3039
1.30402
1.30412
1.30414
1.30423
1.30438
1.30439
1.30447
1.30448
1.30474
1.30483
1.30514
1.30526
1.30544
1.30577
1.30588
1.30612
1.30616
1.3062
1.30621
1.30678
1.30683
1.30736
1.3074
1.30772
1.30782
1.30782
1.30826
1.30845
1.30847
1.30849
1.30883
1.30889
1.30892
1.30905
1.30915
1.30935
1.30952
1.3096
1.30961
1.30989
1.31012
1.31014
1.31016
1.31027
1.31037
1.31042
1.31058
1.31068
1.31083
1.31096
1.31096
1.31097
1.31109
1.31111
1.31131
1.31148
1.31155
1.31156
1.31159
1.31178
1.31183
1.31196
1.31211
1.31216
1.31218
1.31224
1.31226
1.31235
1.31247
1.31268
1.31271
1.31277
1.31291
1.31304
1.3132
1.31327
1.31328
1.31408
1.31409
1.3141
1.31418
1.31443
1.31452
1.31454
1.31476
1.31485
1.31536
1.31536
1.31541
1.31563
1.31565
1.31572
1.31603
1.31615
1.31618
1.3163
1.31632
1.31634
1.31668
1.31673
1.31692
1.31716
1.31724
1.31731
1.31745
1.31766
1.31791
1.31795
1.31806
1.31808
1.31814
1.31826
1.3185
1.31852
1.31863
1.31864
1.31886
1.31887
1.31893
1.31901
1.31905
1.31909
1.31924
1.31956
1.31965
1.31989
1.31994
1.32028
1.32076
1.32118
1.32134
1.32168
1.32169
1.32184
1.32184
1.32194
1.32197
1.32217
1.3225
1.32253
1.32274
1.32283
1.32302
1.32329
1.32346
1.32369
1.32372
1.32406
1.32414
1.32417
1.32422
1.32441
1.32447
1.32452
1.32454
1.32468
1.32494
1.32501
1.32516
1.32534
1.3254
1.32548
1.3255
1.32573
1.32576
1.32584
1.32612
1.32616
1.32647
1.32689
1.327
1.32716
1.32742
1.3275
1.32766
1.32782
1.32788
1.32814
1.32818
1.32826
1.32837
1.32843
1.32861
1.32878
1.32887
1.32929
1.32962
1.32987
1.32987
1.33038
1.33039
1.33065
1.33074
1.33082
1.33093
1.33096
1.33099
1.33109
1.33139
1.33168
1.33185
1.3319
1.3323
1.3324
1.33249
1.33292
1.33298
1.33324
1.33336
1.33342
1.33348
1.33358
1.33368
1.33379
1.33382
1.33384
1.334
1.3343
1.33431
1.33436
1.33444
1.33446
1.33455
1.33477
1.33482
1.33489
1.3349
1.33507
1.33531
1.33538
1.33546
1.33551
1.33552
1.33558
1.33561
1.3358
1.33588
1.33595
1.33613
1.3362
1.3367
1.33675
1.33684
1.33685
1.33688
1.33698
1.33701
1.33707
1.3371
1.33727
1.33739
1.33748
1.33751
1.33763
1.33767
1.33767
1.33774
1.33786
1.33789
1.33808
1.33809
1.33836
1.33839
1.33856
1.33861
1.33863
1.33888
1.33892
1.33896
1.33901
1.33903
1.33937
1.33956
1.33993
1.34007
1.34009
1.3402
1.3403
1.34034
1.34087
1.34098
1.34102
1.34116
1.34157
1.34159
1.34179
1.34186
1.34212
1.34217
1.34237
1.34315
1.34324
1.34329
1.34341
1.34349
1.34359
1.34362
1.34367
1.34374
1.34383
1.34386
1.34396
1.34401
1.34429
1.34438
1.34452
1.34465
1.34477
1.34495
1.34514
1.34526
1.34539
1.34558
1.34601
1.34617
1.34634
1.34644
1.34676
1.34702
1.34704
1.34724
1.3476
1.34769
1.34779
1.34793
1.34794
1.34804
1.34806
1.34806
1.34808
1.34816
1.34817
1.34817
1.34833
1.34834
1.34844
1.34862
1.34873
1.34876
1.34892
1.34905
1.34907
1.34922
1.34944
1.34952
1.34956
1.34961
1.34969
1.35015
1.35024
1.35075
1.3509
1.35107
1.35125
1.35129
1.35146
1.35147
1.35159
1.35174
1.35181
1.35196
1.3521
1.35223
1.35223
1.35243
1.35244
1.35256
1.3526
1.35275
1.3528
1.35285
1.35289
1.35293
1.35307
1.35308
1.35326
1.35331
1.35343
1.35346
1.35356
1.35383
1.35388
1.35394
1.3541
1.35415
1.35436
1.35441
1.35448
1.35448
1.35458
1.35474
1.35493
1.35501
1.35507
1.35515
1.35515
1.35615
1.35616
1.3564
1.35647
1.3567
1.35678
1.35686
1.35696
1.35708
1.3571
1.35732
1.35744
1.35753
1.35759
1.35769
1.35798
1.35807
1.35818
1.35869
1.35876
1.3588
1.35893
1.35902
1.35908
1.3592
1.35938
1.35938
1.3594
1.36004
1.36015
1.3602
1.36023
1.3607
1.36077
1.36082
1.36131
1.36132
1.36148
1.36152
1.36163
1.36168
1.36187
1.3625
1.36251
1.36305
1.36308
1.36308
1.36346
1.36354
1.36366
1.36374
1.36389
1.3639
1.36397
1.36406
1.36407
1.36465
1.36493
1.36503
1.36531
1.36559
1.3657
1.36579
1.36579
1.36581
1.36582
1.36607
1.3661
1.36618
1.36619
1.36639
1.36642
1.36648
1.36665
1.36668
1.36678
1.367
1.36712
1.36714
1.36722
1.36737
1.36741
1.36756
1.36783
1.36787
1.3679
1.3679
1.3679
1.36803
1.36827
1.36856
1.36874
1.36893
1.36897
1.36922
1.36935
1.3697
1.36974
1.36974
1.36978
1.36992
1.37001
1.37005
1.37032
1.37035
1.3705
1.37055
1.37066
1.3707
1.37073
1.37086
1.37098
1.37111
1.37179
1.372
1.37208
1.3721
1.37211
1.37219
1.37224
1.37242
1.37272
1.37296
1.37297
1.37307
1.37342
1.37374
1.37413
1.37414
1.37432
1.37434
1.37436
1.37447
1.37462
1.37476
1.37489
1.37503
1.37509
1.37532
1.37539
1.37541
1.37566
1.37581
1.376
1.37608
1.37608
1.37609
1.3761
1.37627
1.37644
1.37655
1.3767
1.3769
1.37693
1.37699
1.3772
1.37725
1.37728
1.37764
1.37771
1.37773
1.37783
1.37791
1.378
1.37823
1.37843
1.37845
1.37852
1.37859
1.3787
1.37875
1.37925
1.37938
1.37948
1.37952
1.37976
1.37979
1.37981
1.37991
1.38009
1.38093
1.38123
1.38142
1.38149
1.38155
1.38179
1.3818
1.38196
1.3821
1.38246
1.38283
1.38291
1.38302
1.38325
1.38365
1.38365
1.38368
1.38372
1.38377
1.38407
1.3841
1.38414
1.38427
1.38433
1.38435
1.38444
1.38444
1.3847
1.38478
1.38481
1.38488
1.38516
1.38527
1.38532
1.38533
1.38549
1.38553
1.38573
1.38576
1.38587
1.38601
1.38644
1.38651
1.38673
1.38678
1.38683
1.38689
1.3869
1.38709
1.38713
1.38722
1.38723
1.38725
1.3873
1.38746
1.38754
1.38756
1.3876
1.38783
1.38785
1.38799
1.38825
1.38866
1.38874
1.38916
1.38949
1.38956
1.38966
1.38983
1.3907
1.3908
1.39097
1.39116
1.39128
1.39128
1.39166
1.39171
1.39172
1.39196
1.3926
1.3927
1.39288
1.39295
1.39299
1.39307
1.39337
1.39339
1.39341
1.39343
1.39363
1.39364
1.39369
1.39395
1.39435
1.39436
1.39444
1.3945
1.39476
1.39482
1.39485
1.39498
1.39503
1.39516
1.39524
1.3953
1.39543
1.39554
1.39563
1.39568
1.39598
1.39608
1.39616
1.39624
1.39635
1.39649
1.39678
1.39697
1.39717
1.39735
1.39738
1.39744
1.39746
1.39748
1.39785
1.39794
1.39811
1.39813
1.39817
1.39821
1.39823
1.39837
1.39845
1.39854
1.3986
1.39888
1.39903
1.39924
1.39928
1.39987
1.39998
1.40026
1.40031
1.40032
1.40045
1.40061
1.4008
1.40085
1.40098
1.401
1.40103
1.40121
1.4016
1.4017
1.40181
1.40193
1.40201
1.40238
1.40242
1.40251
1.40252
1.40258
1.40258
1.40267
1.40285
1.40304
1.40306
1.40321
1.40324
1.40346
1.40385
1.40446
1.40467
1.40481
1.40483
1.40486
1.40505
1.40508
1.40532
1.40544
1.40577
1.40582
1.40583
1.40596
1.40598
1.40602
1.40625
1.4064
1.40648
1.40666
1.4067
1.40675
1.40686
1.40697
1.40701
1.40736
1.40739
1.40742
1.40788
1.40792
1.40795
1.40795
1.40799
1.40836
1.40839
1.40846
1.40848
1.40848
1.40851
1.40895
1.40898
1.40903
1.40923
1.4094
1.40942
1.40946
1.40966
1.40983
1.40987
1.40999
1.41014
1.41021
1.4104
1.41044
1.41052
1.41067
1.41078
1.41081
1.41083
1.411
1.41107
1.41119
1.41123
1.41135
1.41142
1.41152
1.41155
1.41159
1.41172
1.41175
1.41181
1.41212
1.41217
1.41227
1.41242
1.41242
1.41245
1.41285
1.41292
1.41317
1.41326
1.41347
1.41372
1.41377
1.41379
1.41426
1.41427
1.41428
1.41439
1.41457
1.41471
1.41474
1.41489
1.41505
1.41505
1.41506
1.41529
1.41575
1.4161
1.41629
1.41637
1.4166
1.41671
1.41675
1.4169
1.41705
1.41745
1.41773
1.41784
1.41793
1.41808
1.4182
1.4182
1.41821
1.41858
1.41867
1.41873
1.41884
1.41895
1.4191
1.41925
1.41952
1.41978
1.41979
1.41989
1.42009
1.42022
1.42026
1.42046
1.42047
1.42056
1.42057
1.42098
1.42103
1.42108
1.42115
1.42159
1.42165
1.422
1.42203
1.42239
1.42279
1.42315
1.42323
1.42348
1.42362
1.42368
1.42384
1.42404
1.42409
1.42415
1.42418
1.42429
1.42457
1.42463
1.42488
1.42501
1.4251
1.42529
1.42531
1.42578
1.42582
1.42588
1.42638
1.42638
1.42704
1.42714
1.42739
1.4274
1.42741
1.42783
1.42805
1.42813
1.42837
1.42843
1.42878
1.42879
1.42885
1.4293
1.42932
1.42932
1.42933
1.42947
1.42953
1.42964
1.43025
1.4303
1.43052
1.43058
1.43069
1.4307
1.43072
1.43078
1.43092
1.43097
1.43111
1.43152
1.43161
1.43168
1.43179
1.43181
1.43206
1.43209
1.43219
1.4322
1.43242
1.43272
1.43276
1.43289
1.43309
1.43316
1.4332
1.43323
1.4339
1.43399
1.43404
1.43416
1.43436
1.43444
1.43458
1.43463
1.43486
1.43487
1.43489
1.43523
1.43539
1.43543
1.43587
1.43606
1.43638
1.43664
1.4368
1.4374
1.43806
1.43809
1.43816
1.43838
1.43873
1.43889
1.43891
1.4392
1.43923
1.43927
1.43927
1.4395
1.43952
1.43972
1.43995
1.44005
1.44016
1.44018
1.44046
1.44057
1.44075
1.44099
1.44137
1.44153
1.44165
1.44169
1.44169
1.4418
1.44188
1.44192
1.44239
1.44253
1.4427
1.44284
1.44307
1.44311
1.44317
1.44335
1.44336
1.44337
1.44362
1.4438
1.44418
1.4442
1.44456
1.44457
1.44501
1.44531
1.44577
1.4459
1.44592
1.44611
1.44616
1.44618
1.4464
1.44645
1.44664
1.44679
1.44689
1.44703
1.4471
1.44714
1.44722
1.44737
1.44744
1.44747
1.44747
1.44752
1.44808
1.44825
1.44827
1.4485
1.44892
1.44894
1.44898
1.44934
1.44957
1.45002
1.45024
1.45036
1.45055
1.45065
1.4508
1.45119
1.45119
1.45141
1.45146
1.45155
1.45164
1.45165
1.45193
1.45195
1.45209
1.45211
1.45221
1.4524
1.45246
1.45247
1.45287
1.45294
1.45303
1.45304
1.45307
1.45313
1.45315
1.4532
1.4532
1.45345
1.45353
1.45356
1.45356
1.4539
1.45419
1.4542
1.45449
1.45451
1.45456
1.45488
1.45497
1.45521
1.45523
1.45538
1.45538
1.45543
1.45545
1.45549
1.45557
1.45572
1.45578
1.45582
1.45619
1.45619
1.45655
1.45662
1.45676
1.45704
1.45715
1.45715
1.45722
1.45751
1.4576
1.45762
1.45762
1.45768
1.45798
1.45857
1.45876
1.45886
1.45894
1.45916
1.45924
1.45938
1.4596
1.45968
1.45998
1.4601
1.46042
1.46046
1.46048
1.46092
1.46127
1.4614
1.46153
1.46164
1.46166
1.46172
1.46184
1.46195
1.46233
1.46252
1.46265
1.46271
1.46295
1.46313
1.46314
1.46316
1.46376
1.46384
1.46387
1.46388
1.46401
1.46479
1.46483
1.46486
1.46494
1.46503
1.46509
1.46518
1.46541
1.46547
1.46548
1.46592
1.46592
1.46594
1.46613
1.46634
1.46655
1.46688
1.46693
1.46698
1.46709
1.46725
1.46746
1.46746
1.46766
1.46836
1.46842
1.46851
1.46864
1.46866
1.46882
1.46893
1.46894
1.46898
1.46905
1.46907
1.4693
1.46945
1.4695
1.46966
1.46973
1.47021
1.47032
1.47038
1.47054
1.47073
1.47079
1.47083
1.47091
1.47094
1.47142
1.47147
1.47158
1.47164
1.47168
1.47171
1.47184
1.47196
1.47205
1.47209
1.47212
1.47235
1.47285
1.47292
1.47299
1.47304
1.47376
1.47394
1.474
1.47406
1.47407
1.4743
1.47432
1.47443
1.47446
1.47459
1.47463
1.47484
1.47498
1.4752
1.47544
1.47586
1.47588
1.47593
1.47634
1.47635
1.47666
1.47694
1.47696
1.47762
1.47843
1.47849
1.47862
1.47882
1.47911
1.47925
1.4793
1.47964
1.47965
1.48005
1.4801
1.48021
1.48052
1.48091
1.481
1.4811
1.48116
1.48121
1.48135
1.48154
1.48162
1.48166
1.48186
1.48188
1.48188
1.48194
1.48195
1.48196
1.482
1.4824
1.48244
1.48265
1.48275
1.48308
1.48321
1.48325
1.48328
1.48397
1.48417
1.48434
1.48434
1.48436
1.48442
1.48519
1.48524
1.4853
1.48539
1.48578
1.48595
1.48645
1.48689
1.48702
1.48708
1.48729
1.48731
1.48749
1.48774
1.48816
1.48836
1.48839
1.48866
1.48898
1.48902
1.48909
1.48933
1.48944
1.48959
1.48964
1.48981
1.49003
1.49008
1.49027
1.49041
1.49047
1.49061
1.49072
1.49076
1.49084
1.49084
1.49092
1.49134
1.49152
1.49156
1.4916
1.49162
1.49169
1.4917
1.49173
1.49174
1.49187
1.49188
1.49258
1.4926
1.49262
1.49269
1.49302
1.49331
1.49364
1.49392
1.49396
1.49421
1.49432
1.49476
1.49516
1.49517
1.49546
1.49587
1.49588
1.49597
1.4961
1.49627
1.49644
1.49669
1.49695
1.49698
1.49705
1.49707
1.49763
1.49777
1.49808
1.4981
1.49827
1.49842
1.49867
1.49896
1.4992
1.49924
1.49928
1.49929
1.49931
1.49979
1.49985
1.50003
1.50017
1.50019
1.5003
1.50046
1.50048
1.50056
1.50065
1.50075
1.50079
1.50092
1.50118
1.50142
1.50147
1.50161
1.50173
1.50176
1.50184
1.50196
1.50204
1.50213
1.50269
1.50277
1.50288
1.50289
1.5031
1.50313
1.50316
1.50343
1.50379
1.50386
1.50387
1.50399
1.50423
1.50493
1.50529
1.50555
1.50575
1.50582
1.50586
1.50606
1.50614
1.50654
1.5066
1.50661
1.50708
1.50736
1.50739
1.50765
1.50786
1.5082
1.50838
1.50843
1.50855
1.50867
1.50892
1.50905
1.5091
1.50942
1.50968
1.50974
1.50975
1.50987
1.51005
1.51008
1.51019
1.51033
1.51065
1.51088
1.51095
1.51116
1.5115
1.51151
1.51159
1.51187
1.51198
1.51202
1.51221
1.51257
1.51267
1.51311
1.51327
1.51342
1.51348
1.51348
1.51352
1.51361
1.51403
1.51405
1.51418
1.51428
1.51439
1.51443
1.5149
1.51492
1.51497
1.51506
1.51514
1.51524
1.51555
1.5162
1.51625
1.51636
1.51655
1.51659
1.51695
1.51703
1.51715
1.51737
1.5174
1.5174
1.51766
1.51769
1.51773
1.51845
1.51857
1.51904
1.51913
1.51923
1.51925
1.51928
1.51933
1.51935
1.51968
1.51988
1.51989
1.51992
1.52002
1.52006
1.5204
1.52042
1.52045
1.52071
1.52091
1.5212
1.52163
1.52168
1.52168
1.52198
1.52216
1.52247
1.52249
1.52303
1.52322
1.52344
1.52345
1.52353
1.52375
1.52477
1.52517
1.52542
1.5256
1.52564
1.5257
1.52576
1.52585
1.52602
1.52661
1.52662
1.52663
1.5271
1.5272
1.52727
1.52759
1.52794
1.52803
1.52819
1.52823
1.52829
1.52832
1.52833
1.52843
1.52852
1.52906
1.5292
1.52969
1.52978
1.53004
1.53013
1.53028
1.53043
1.53048
1.53066
1.53078
1.53112
1.53161
1.53299
1.53319
1.53325
1.53362
1.53363
1.53382
1.53385
1.53394
1.53403
1.53414
1.53414
1.53422
1.53433
1.5344
1.53441
1.5345
1.53494
1.53496
1.53502
1.53543
1.53543
1.53554
1.53576
1.536
1.53621
1.53641
1.53651
1.5366
1.53693
1.53703
1.5374
1.53744
1.53788
1.53824
1.53826
1.53827
1.5386
1.53862
1.53872
1.53885
1.53893
1.53894
1.53911
1.53929
1.53937
1.53953
1.53955
1.53957
1.54025
1.5403
1.54041
1.54073
1.54091
1.54163
1.54174
1.54184
1.54249
1.54259
1.54278
1.54284
1.54295
1.5431
1.54329
1.54334
1.54347
1.5435
1.54397
1.54409
1.54411
1.54428
1.54432
1.54459
1.54468
1.54475
1.54482
1.54483
1.5452
1.54577
1.54603
1.54609
1.5461
1.5461
1.54613
1.54624
1.54624
1.54627
1.54629
1.54646
1.54655
1.54674
1.54676
1.54686
1.54698
1.5471
1.54722
1.54765
1.54774
1.54777
1.54793
1.54839
1.54856
1.54866
1.54874
1.54879
1.54891
1.54892
1.54964
1.5498
1.54983
1.54993
1.55003
1.55047
1.55052
1.55086
1.5509
1.551
1.55161
1.55176
1.55227
1.55249
1.55278
1.55299
1.55328
1.55338
1.55364
1.55383
1.55427
1.55427
1.55439
1.55447
1.55479
1.5549
1.55498
1.55506
1.55509
1.5551
1.55539
1.55559
1.5557
1.55596
1.55608
1.55662
1.55708
1.55728
1.55733
1.55744
1.55832
1.55875
1.55946
1.55959
1.55959
1.55992
1.55995
1.5601
1.56052
1.56088
1.56101
1.56105
1.56108
1.56108
1.56111
1.56119
1.56132
1.56133
1.56177
1.56184
1.56197
1.56232
1.56235
1.56241
1.56247
1.56268
1.56305
1.56314
1.56318
1.56332
1.56341
1.56382
1.56385
1.56399
1.56422
1.56428
1.56537
1.56539
1.56569
1.56599
1.56611
1.56615
1.56664
1.56673
1.56695
1.56746
1.56774
1.5678
1.56783
1.56802
1.56833
1.56851
1.56874
1.569
1.56903
1.56909
1.56925
1.56971
1.57036
1.57111
1.5714
1.57148
1.5715
1.57271
1.57293
1.57317
1.57345
1.57397
1.57445
1.57447
1.57471
1.575
1.57506
1.57529
1.57628
1.5765
1.57656
1.57673
1.5768
1.57682
1.5771
1.57724
1.57774
1.5779
1.57832
1.5784
1.57885
1.57885
1.57913
1.57921
1.5795
1.57961
1.57965
1.58006
1.58034
1.58079
1.58125
1.58138
1.58158
1.58162
1.58218
1.58224
1.5823
1.58272
1.5833
1.58362
1.58373
1.58417
1.58449
1.58484
1.58485
1.58524
1.58535
1.58604
1.5862
1.58638
1.5864
1.58647
1.58668
1.58675
1.58684
1.58692
1.58802
1.58803
1.58849
1.58946
1.59002
1.59045
1.59058
1.5906
1.59063
1.59077
1.59081
1.59096
1.59136
1.59155
1.59178
1.59196
1.59211
1.59237
1.59261
1.59315
1.59321
1.59338
1.59355
1.59441
1.59482
1.59529
1.5958
1.59587
1.59595
1.59615
1.59644
1.59724
1.59728
1.59733
1.5976
1.59767
1.59778
1.59829
1.59846
1.59868
1.59934
1.5996
1.5996
1.60005
1.60059
1.60138
1.60159
1.60163
1.60173
1.6018
1.60191
1.60207
1.60234
1.60286
1.60297
1.60427
1.60428
1.60441
1.60452
1.60455
1.60523
1.60527
1.60534
1.60577
1.60619
1.60621
1.60656
1.60665
1.60668
1.60688
1.60701
1.60724
1.6079
1.60826
1.60844
1.60901
1.6093
1.60935
1.60982
1.61076
1.61106
1.61122
1.61122
1.61134
1.61138
1.61171
1.61194
1.61237
1.61278
1.61321
1.61328
1.61423
1.6167
1.61671
1.61683
1.61729
1.61768
1.61776
1.61777
1.61789
1.61794
1.6181
1.61825
1.61865
1.61896
1.61917
1.61996
1.62023
1.62027
1.62046
1.6208
1.62084
1.62089
1.621
1.62146
1.62223
1.6224
1.6224
1.62265
1.62281
1.62293
1.62298
1.62389
1.62391
1.62394
1.6243
1.62449
1.62451
1.62471
1.62472
1.62491
1.62619
1.62631
1.62635
1.62638
1.62719
1.62742
1.62759
1.62762
1.62892
1.629
1.62927
1.6294
1.62981
1.63001
1.63016
1.63036
1.63078
1.63096
1.6316
1.63162
1.63212
1.63239
1.63252
1.63334
1.63368
1.63389
1.63395
1.63402
1.63408
1.63412
1.6342
1.6348
1.63494
1.63497
1.63498
1.63513
1.63527
1.63574
1.63622
1.63637
1.63644
1.63646
1.63686
1.63706
1.63838
1.63864
1.63873
1.63874
1.64021
1.6407
1.64096
1.64101
1.64148
1.64229
1.6424
1.64253
1.64377
1.64381
1.64391
1.64497
1.64508
1.6455
1.64626
1.64636
1.64734
1.64747
1.64777
1.64811
1.64819
1.64854
1.64933
1.65017
1.65099
1.65123
1.65125
1.65126
1.65148
1.65164
1.65185
1.65187
1.65241
1.65314
1.65315
1.65333
1.6534
1.65431
1.65447
1.65453
1.65501
1.6551
1.65568
1.65614
1.65626
1.65656
1.65736
1.65847
1.65887
1.6597
1.65987
1.66009
1.66019
1.66119
1.66128
1.66143
1.66158
1.66221
1.66241
1.6625
1.66258
1.66271
1.66288
1.6631
1.66503
1.66539
1.66606
1.66606
1.66629
1.66638
1.66652
1.66676
1.66712
1.66762
1.66765
1.66795
1.66817
1.66851
1.66889
1.66907
1.67006
1.67187
1.67206
1.67211
1.67301
1.67348
1.67377
1.67384
1.67385
1.67398
1.67452
1.67455
1.67468
1.67495
1.675
1.67541
1.67586
1.67611
1.67697
1.67927
1.6799
1.68012
1.68023
1.68046
1.68062
1.68071
1.68076
1.68078
1.68114
1.68272
1.68277
1.68372
1.68471
1.68569
1.68597
1.6874
1.68793
1.68826
1.68845
1.68932
1.68954
1.69197
1.69222
1.69249
1.69281
1.69357
1.69369
1.69419
1.69469
1.69544
1.69575
1.69611
1.69773
1.69778
1.698
1.69809
1.69892
1.69902
1.69956
1.70064
1.70091
1.70135
1.70142
1.70316
1.70325
1.70326
1.70356
1.70485
1.70505
1.70653
1.70679
1.70845
1.70899
1.70993
1.71013
1.71038
1.71113
1.71117
1.71138
1.7116
1.71192
1.71309
1.71374
1.71536
1.71557
1.71562
1.71605
1.71765
1.71772
1.71793
1.71936
1.71964
1.71976
1.7213
1.7218
1.72311
1.72344
1.72363
1.7239
1.72504
1.72579
1.72624
1.72642
1.72726
1.72738
1.72769
1.72775
1.72776
1.72791
1.72855
1.72872
1.73415
1.73427
1.73582
1.73722
1.7395
1.7404
1.74082
1.74086
1.74141
1.74162
1.74288
1.74317
1.74442
1.74464
1.74529
1.74552
1.74567
1.74568
1.74655
1.74696
1.74804
1.74895
1.74969
1.74976
1.75155
1.75281
1.75597
1.75775
1.75917
1.76201
1.7636
1.76362
1.76415
1.76499
1.76725
1.76811
1.76929
1.76949
1.77047
1.77083
1.77225
1.77297
1.77304
1.77648
1.77688
1.77813
1.77838
1.7799
1.78148
1.78511
1.78519
1.78534
1.78585
1.78636
1.78798
1.7886
1.78975
1.79104
1.79107
1.79133
1.79319
1.79339
1.79559
1.7959
1.79648
1.79791
1.79879
1.79914
1.79996
1.80032
1.80059
1.80709
1.8073
1.80756
1.80825
1.80964
1.81088
1.81199
1.81216
1.8149
1.81592
1.81806
1.81814
1.81837
1.82015
1.82056
1.82207
1.82502
1.82638
1.82952
1.83013
1.83404
1.83443
1.8359
1.83745
1.84158
1.84255
1.84633
1.84726
1.84848
1.85321
1.85327
1.85436
1.85565
1.85642
1.85733
1.8594
1.86604
1.86622
1.86862
1.86867
1.8721
1.87558
1.87587
1.90914
1.91778
1.91898
1.91989
1.97203
1.98001
1.98064
1.99688
2.05799
2.05881
