11.9998
12.0285
12.0846
12.1013
12.1054
12.1055
12.1253
12.1316
12.1461
12.2137
12.2159
12.227
12.2397
12.2403
12.245
12.2646
12.2659
12.2709
12.2724
12.2732
12.2841
12.2841
12.286
12.2883
12.2904
12.2907
12.2911
12.2918
12.3042
12.3069
12.3076
12.3081
12.3096
12.3103
12.3133
12.316
12.3202
12.3203
12.3204
12.3233
12.3236
12.3237
12.325
12.3258
12.3312
12.3423
12.3423
12.3444
12.3463
12.3471
12.3477
12.3513
12.3528
12.3532
12.3533
12.3533
12.3556
12.3563
12.3576
12.358
12.3588
12.3635
12.3658
12.3663
12.3667
12.3672
12.3701
12.3706
12.3738
12.3781
12.3784
12.3785
12.3813
12.3818
12.3824
12.3833
12.3845
12.3857
12.3889
12.3898
12.3901
12.3917
12.392
12.3929
12.3932
12.3933
12.3934
12.3948
12.3967
12.4046
12.4062
12.4073
12.4086
12.4108
12.4123
12.4148
12.415
12.4152
12.4173
12.4184
12.4186
12.4213
12.4219
12.4226
12.4228
12.4232
12.4253
12.4264
12.427
12.4281
12.4281
12.4295
12.4361
12.4373
12.4411
12.4417
12.443
12.4434
12.4446
12.4446
12.446
12.446
12.4466
12.4481
12.4498
12.4508
12.4513
12.4518
12.4544
12.4562
12.4565
12.4586
12.4587
12.4588
12.4592
12.4605
12.4611
12.4618
12.4632
12.4644
12.4651
12.4652
12.4682
12.4687
12.4692
12.4694
12.4696
12.4696
12.4698
12.4699
12.4718
12.4721
12.4725
12.473
12.4734
12.4735
12.4743
12.4745
12.475
12.4757
12.4759
12.4764
12.4766
12.477
12.4776
12.4778
12.4779
12.4784
12.4787
12.4788
12.4791
12.4821
12.483
12.4835
12.4847
12.4851
12.4853
12.4855
12.4856
12.4856
12.4872
12.4873
12.4873
12.4879
12.4898
12.4902
12.4903
12.4904
12.4905
12.4916
12.4917
12.4919
12.492
12.4925
12.4927
12.4934
12.4946
12.4951
12.4954
12.4955
12.4955
12.4958
12.4961
12.4966
12.4968
12.4969
12.4971
12.4973
12.4984
12.5006
12.5009
12.501
12.5012
12.5017
12.502
12.5029
12.5043
12.5054
12.5055
12.5055
12.5058
12.506
12.5062
12.5062
12.5067
12.5069
12.507
12.5075
12.5077
12.5081
12.5086
12.5086
12.5091
12.5092
12.5093
12.5099
12.5099
12.51
12.5105
12.511
12.5111
12.5127
12.5128
12.5144
12.5154
12.5158
12.516
12.5167
12.5167
12.5171
12.5173
12.5174
12.5177
12.5177
12.5179
12.5187
12.5192
12.5195
12.5197
12.5197
12.5199
12.52
12.5201
12.5203
12.5207
12.521
12.5213
12.5224
12.5225
12.5228
12.5229
12.5233
12.5233
12.5235
12.5238
12.5242
12.5242
12.5244
12.5247
12.5251
12.5254
12.5254
12.5267
12.5272
12.5272
12.5275
12.5275
12.5277
12.5278
12.528
12.528
12.5281
12.5284
12.5296
12.5297
12.5304
12.5307
12.5311
12.5315
12.5315
12.5321
12.5323
12.5323
12.5324
12.5329
12.5333
12.5341
12.5341
12.5341
12.5342
12.5347
12.5359
12.536
12.5362
12.5363
12.5368
12.5371
12.5374
12.5379
12.539
12.5391
12.5391
12.5392
12.5395
12.5395
12.5402
12.5406
12.5412
12.5428
12.5429
12.5441
12.5446
12.5447
12.5449
12.545
12.5451
12.5452
12.5452
12.5453
12.5456
12.5456
12.5459
12.5462
12.5463
12.5465
12.547
12.5471
12.5474
12.5475
12.5477
12.5478
12.5488
12.5488
12.5489
12.5496
12.5497
12.5497
12.5499
12.5499
12.5501
12.5508
12.5509
12.5511
12.5514
12.5518
12.5519
12.552
12.5522
12.5523
12.5524
12.5526
12.5528
12.5535
12.5535
12.5545
12.5547
12.5554
12.5554
12.5562
12.5564
12.5564
12.5565
12.5565
12.5569
12.557
12.5574
12.5582
12.5583
12.5586
12.5588
12.5594
12.5597
12.5597
12.5599
12.5601
12.5602
12.5603
12.5605
12.5608
12.5608
12.5621
12.5625
12.5626
12.5634
12.5642
12.5643
12.5644
12.5647
12.5648
12.565
12.5652
12.5652
12.5656
12.5662
12.5662
12.5665
12.5672
12.5679
12.5681
12.5691
12.5697
12.5704
12.5707
12.5708
12.571
12.5712
12.5713
12.5715
12.5716
12.5717
12.572
12.5726
12.5726
12.5733
12.5736
12.5736
12.5739
12.5739
12.5743
12.5745
12.5746
12.5751
12.5752
12.5757
12.5758
12.5758
12.5758
12.5758
12.576
12.5766
12.5766
12.5772
12.5775
12.5778
12.5785
12.5788
12.579
12.5792
12.5793
12.5806
12.5806
12.5808
12.581
12.5811
12.5815
12.5815
12.5819
12.5821
12.5822
12.5823
12.5824
12.5827
12.5828
12.5831
12.5831
12.5835
12.5839
12.5842
12.5842
12.5842
12.5844
12.5851
12.5852
12.5857
12.5858
12.5862
12.5862
12.5863
12.5863
12.5863
12.587
12.5873
12.5873
12.5875
12.5881
12.5883
12.5886
12.5886
12.5891
12.5892
12.5893
12.5896
12.5898
12.5898
12.5898
12.5904
12.5904
12.5906
12.5906
12.5907
12.5909
12.5912
12.5913
12.5915
12.5918
12.5922
12.5923
12.5929
12.593
12.5932
12.5934
12.5935
12.5935
12.5937
12.5943
12.5944
12.5946
12.5947
12.5949
12.5955
12.5958
12.5962
12.5966
12.5968
12.5968
12.5969
12.597
12.5986
12.5987
12.5998
12.6
12.6
12.6008
12.601
12.601
12.6012
12.6012
12.6013
12.6014
12.6015
12.6016
12.6019
12.6023
12.6027
12.6027
12.6032
12.6033
12.6035
12.6035
12.6036
12.6036
12.6042
12.6044
12.6045
12.6045
12.6047
12.605
12.605
12.6053
12.6055
12.6055
12.6057
12.606
12.6063
12.6065
12.6067
12.6068
12.6074
12.6075
12.6075
12.6078
12.6082
12.6089
12.6089
12.6089
12.6091
12.6091
12.6093
12.6093
12.61
12.6102
12.6104
12.6105
12.6106
12.6108
12.611
12.611
12.611
12.6111
12.6114
12.6114
12.6114
12.6116
12.6119
12.612
12.6124
12.6126
12.6127
12.6129
12.6138
12.6142
12.6143
12.6144
12.6145
12.6148
12.6156
12.6157
12.6157
12.6161
12.6161
12.6163
12.6164
12.6165
12.6165
12.6168
12.6171
12.6171
12.6171
12.6174
12.6175
12.6176
12.6176
12.6181
12.6182
12.6182
12.6188
12.6193
12.6195
12.6195
12.6195
12.6197
12.6203
12.6206
12.6212
12.6222
12.6224
12.6224
12.6225
12.6226
12.6228
12.6235
12.6235
12.624
12.6243
12.6245
12.6245
12.6247
12.625
12.6253
12.6254
12.6256
12.6262
12.6264
12.6264
12.6268
12.6269
12.6277
12.6277
12.6281
12.6281
12.6283
12.6285
12.6293
12.6293
12.6294
12.6295
12.6295
12.6295
12.63
12.6301
12.6311
12.6314
12.6317
12.6318
12.6319
12.6322
12.6322
12.6322
12.6323
12.6327
12.6332
12.6332
12.6336
12.6341
12.6344
12.6345
12.6348
12.6349
12.635
12.6356
12.6361
12.6363
12.6363
12.6363
12.6364
12.6365
12.6366
12.6368
12.6369
12.6383
12.6384
12.6384
12.6388
12.6389
12.639
12.6392
12.6395
12.6406
12.6411
12.6414
12.6416
12.6418
12.6424
12.6427
12.6428
12.6428
12.6431
12.6432
12.6433
12.6435
12.6437
12.6441
12.6446
12.6449
12.6449
12.6451
12.6452
12.6456
12.6459
12.6459
12.6461
12.6462
12.6462
12.647
12.6471
12.6473
12.6475
12.6475
12.6477
12.6479
12.6481
12.6486
12.6487
12.6489
12.6491
12.6497
12.6503
12.6505
12.6506
12.6508
12.651
12.6511
12.6518
12.6518
12.6521
12.6527
12.6528
12.6529
12.6533
12.6534
12.6537
12.6537
12.6538
12.6541
12.6546
12.6549
12.6551
12.6553
12.6555
12.6555
12.6556
12.6557
12.656
12.6561
12.6562
12.6562
12.6566
12.6569
12.6572
12.6572
12.6573
12.6573
12.6578
12.6578
12.6579
12.6579
12.6581
12.6583
12.6583
12.6587
12.6587
12.6589
12.659
12.6591
12.6592
12.6593
12.6599
12.66
12.6601
12.6604
12.6604
12.6605
12.6614
12.6614
12.6615
12.6616
12.6616
12.6618
12.662
12.6621
12.6624
12.6628
12.6628
12.6629
12.663
12.663
12.6631
12.6634
12.6636
12.6637
12.664
12.6641
12.6642
12.6647
12.6648
12.6648
12.6649
12.6655
12.6655
12.6655
12.6657
12.6657
12.6658
12.6658
12.6661
12.6662
12.6667
12.6667
12.6668
12.6668
12.667
12.6672
12.6675
12.6678
12.6679
12.668
12.6683
12.6684
12.6689
12.669
12.669
12.6697
12.6699
12.67
12.67
12.67
12.67
12.6702
12.6703
12.6704
12.6705
12.6706
12.671
12.671
12.6711
12.6711
12.6711
12.6714
12.6716
12.6716
12.6718
12.6719
12.6719
12.6722
12.6722
12.6723
12.6723
12.6726
12.6727
12.6728
12.6728
12.6728
12.6732
12.6733
12.6734
12.6736
12.6739
12.674
12.6741
12.6744
12.6756
12.6761
12.6762
12.6767
12.6771
12.6775
12.6775
12.6775
12.6779
12.678
12.6781
12.6781
12.6784
12.6784
12.6787
12.6789
12.6791
12.6791
12.6793
12.6795
12.6797
12.6798
12.6798
12.6801
12.6801
12.6804
12.6805
12.6806
12.6806
12.6808
12.6809
12.681
12.6812
12.6812
12.6815
12.6816
12.6818
12.6819
12.6821
12.6822
12.6822
12.6823
12.6824
12.6824
12.6829
12.683
12.6831
12.6839
12.684
12.6841
12.6845
12.6846
12.6851
12.6852
12.6855
12.6856
12.6857
12.6857
12.6861
12.6861
12.6862
12.6865
12.6866
12.6868
12.687
12.6874
12.6874
12.6875
12.6877
12.6877
12.6887
12.6895
12.6897
12.6897
12.6897
12.69
12.69
12.6901
12.6905
12.6907
12.6907
12.6909
12.6911
12.6917
12.6917
12.6918
12.6921
12.6923
12.6925
12.6926
12.6928
12.6932
12.6938
12.6939
12.6939
12.6939
12.694
12.6944
12.6947
12.695
12.6954
12.6959
12.696
12.6961
12.6963
12.6964
12.6971
12.6975
12.6976
12.6976
12.6978
12.6981
12.6982
12.6984
12.6984
12.6986
12.6989
12.6996
12.6997
12.6998
12.7001
12.7002
12.7002
12.7003
12.7004
12.7004
12.7004
12.7004
12.7009
12.701
12.7011
12.7011
12.7013
12.7014
12.7015
12.7017
12.7022
12.7026
12.7029
12.7029
12.7032
12.7033
12.7034
12.7034
12.7034
12.7035
12.7036
12.7037
12.7038
12.7043
12.7045
12.7046
12.7047
12.7047
12.7048
12.7048
12.7049
12.705
12.7052
12.7053
12.7053
12.7055
12.7059
12.706
12.7065
12.7065
12.7068
12.7068
12.7069
12.707
12.7071
12.7071
12.7074
12.7074
12.7077
12.7078
12.7079
12.7082
12.7083
12.7083
12.7084
12.709
12.7094
12.7095
12.7099
12.7103
12.7107
12.7107
12.7107
12.7108
12.7108
12.7108
12.711
12.7111
12.7112
12.7116
12.7118
12.712
12.712
12.7122
12.7122
12.7123
12.7125
12.7126
12.7127
12.7129
12.713
12.7131
12.7132
12.7139
12.7141
12.7142
12.7144
12.7145
12.7147
12.7151
12.7156
12.7157
12.7159
12.7159
12.716
12.7161
12.7161
12.7165
12.7167
12.7168
12.7169
12.7175
12.7178
12.718
12.7181
12.7182
12.7184
12.7184
12.7185
12.7185
12.7186
12.7187
12.7187
12.7189
12.7192
12.7192
12.7192
12.7195
12.7196
12.7196
12.7197
12.7197
12.7197
12.7198
12.7198
12.7199
12.7199
12.7202
12.7203
12.7204
12.7204
12.7204
12.7204
12.7205
12.7205
12.7206
12.7206
12.7206
12.721
12.7211
12.7216
12.7226
12.7227
12.7228
12.7229
12.723
12.7233
12.7234
12.7234
12.7235
12.7236
12.7237
12.7237
12.7238
12.7238
12.7239
12.724
12.724
12.7241
12.7243
12.7244
12.7245
12.7247
12.7247
12.7248
12.7248
12.7249
12.7249
12.725
12.7258
12.726
12.7261
12.7262
12.7262
12.7265
12.7266
12.7267
12.7268
12.7269
12.7269
12.7269
12.7269
12.727
12.7273
12.7275
12.7276
12.7277
12.7283
12.7285
12.7286
12.7286
12.7289
12.729
12.7291
12.7293
12.7295
12.7296
12.7297
12.7297
12.7301
12.7301
12.7304
12.7305
12.7306
12.7307
12.7309
12.7311
12.7311
12.7312
12.7314
12.7314
12.7316
12.7316
12.7316
12.7322
12.7322
12.7324
12.7326
12.7326
12.7332
12.7333
12.7335
12.7338
12.7339
12.7339
12.7341
12.7342
12.7346
12.7347
12.7348
12.735
12.735
12.7351
12.7355
12.7355
12.7355
12.7356
12.7357
12.7357
12.7357
12.736
12.736
12.7361
12.7362
12.7362
12.7365
12.7366
12.7367
12.7372
12.7374
12.7376
12.7379
12.7379
12.7381
12.7383
12.7386
12.739
12.7391
12.7391
12.7393
12.7395
12.7399
12.7405
12.7406
12.7408
12.7409
12.7413
12.7416
12.7416
12.7417
12.7418
12.7418
12.7419
12.7419
12.742
12.7421
12.7422
12.7423
12.7424
12.7426
12.7428
12.7431
12.7432
12.7435
12.7435
12.7436
12.7438
12.7438
12.744
12.7441
12.7442
12.7444
12.7444
12.7447
12.7447
12.7448
12.7448
12.7449
12.745
12.7453
12.7453
12.7454
12.7455
12.7457
12.7459
12.7459
12.746
12.7464
12.7464
12.7466
12.7466
12.7467
12.7467
12.7471
12.7471
12.7473
12.7473
12.7477
12.7481
12.7482
12.7486
12.7487
12.7487
12.7488
12.7488
12.7491
12.7493
12.7494
12.7495
12.7495
12.7496
12.7499
12.75
12.7502
12.7502
12.7503
12.7503
12.7505
12.7507
12.7509
12.7509
12.7513
12.7516
12.7516
12.7518
12.7518
12.7519
12.7519
12.7519
12.7522
12.7525
12.7526
12.7527
12.7528
12.7529
12.753
12.7533
12.7534
12.7535
12.754
12.754
12.7541
12.7543
12.7543
12.7544
12.7544
12.7547
12.7548
12.7549
12.7549
12.7554
12.7555
12.7561
12.7561
12.7561
12.7561
12.757
12.7573
12.7574
12.7574
12.7574
12.7575
12.7576
12.7583
12.7583
12.7584
12.7587
12.7588
12.7589
12.7589
12.7589
12.7591
12.7592
12.7594
12.7596
12.7597
12.7598
12.76
12.76
12.7602
12.7602
12.7602
12.7603
12.7604
12.7606
12.7608
12.7608
12.761
12.761
12.7611
12.7612
12.7614
12.7615
12.7615
12.7615
12.7617
12.7618
12.762
12.762
12.762
12.7621
12.7625
12.7626
12.7626
12.7627
12.7627
12.7628
12.7628
12.7629
12.7629
12.7632
12.7633
12.7633
12.7634
12.7636
12.7636
12.7638
12.7639
12.764
12.7643
12.7652
12.7653
12.7654
12.7654
12.7658
12.7659
12.7662
12.7663
12.7663
12.7669
12.7671
12.7672
12.7677
12.768
12.7681
12.7682
12.7683
12.7684
12.7685
12.7687
12.7688
12.769
12.7692
12.7698
12.7698
12.7701
12.7704
12.7707
12.7709
12.7709
12.7709
12.7709
12.7711
12.7713
12.7713
12.7713
12.7714
12.7715
12.7716
12.7716
12.7718
12.7721
12.7721
12.7721
12.7722
12.7723
12.7725
12.7727
12.7727
12.7727
12.7728
12.7729
12.7729
12.7729
12.7731
12.7733
12.7733
12.7735
12.7739
12.7739
12.774
12.7744
12.7745
12.7747
12.7748
12.7749
12.7749
12.7753
12.7753
12.7753
12.7753
12.7755
12.7756
12.7759
12.7761
12.7765
12.7766
12.7766
12.7768
12.7774
12.7775
12.7775
12.7776
12.7777
12.7778
12.7779
12.778
12.7782
12.7784
12.7785
12.7788
12.779
12.7791
12.7795
12.7799
12.7802
12.7803
12.7804
12.7807
12.7807
12.7807
12.781
12.7811
12.7814
12.7814
12.7816
12.7822
12.7824
12.7825
12.7832
12.7836
12.784
12.784
12.7841
12.7842
12.7845
12.7845
12.7847
12.7848
12.7848
12.7848
12.7849
12.7857
12.7857
12.7859
12.7859
12.7859
12.7861
12.7861
12.7864
12.7866
12.7868
12.7868
12.787
12.7871
12.7871
12.7872
12.7872
12.7875
12.7876
12.7876
12.7876
12.7876
12.7879
12.7879
12.7881
12.7882
12.7883
12.7883
12.7884
12.7884
12.7885
12.7886
12.7888
12.789
12.7891
12.7894
12.7898
12.79
12.79
12.7902
12.7904
12.7904
12.7904
12.7906
12.7907
12.7907
12.7907
12.7909
12.7909
12.7909
12.7911
12.7911
12.7912
12.7913
12.7913
12.7914
12.7914
12.7914
12.7918
12.7921
12.7921
12.7922
12.7922
12.7923
12.7926
12.7926
12.7927
12.7927
12.7929
12.7932
12.7933
12.7937
12.7938
12.7939
12.7939
12.794
12.794
12.7942
12.7942
12.7943
12.7943
12.7944
12.7948
12.7948
12.7948
12.7949
12.7949
12.795
12.7952
12.7953
12.7953
12.7957
12.7957
12.7958
12.796
12.7961
12.7961
12.7962
12.7965
12.7966
12.7967
12.7967
12.797
12.797
12.7971
12.7971
12.7971
12.7972
12.7972
12.7972
12.7973
12.7974
12.7974
12.7977
12.7979
12.7984
12.7984
12.7987
12.7988
12.7989
12.799
12.7991
12.7991
12.7993
12.7994
12.7994
12.7996
12.7996
12.7997
12.7999
12.8
12.8003
12.8007
12.8007
12.801
12.8011
12.8011
12.8012
12.8013
12.8013
12.8013
12.8017
12.8018
12.8019
12.8021
12.8024
12.8025
12.8025
12.8026
12.8026
12.8029
12.803
12.8031
12.8031
12.8032
12.8036
12.8037
12.804
12.804
12.8041
12.8043
12.8046
12.8047
12.8047
12.8048
12.8048
12.8049
12.8051
12.8053
12.8054
12.8054
12.8055
12.8056
12.8063
12.8063
12.8063
12.8064
12.8065
12.8068
12.8072
12.8073
12.8074
12.8076
12.8078
12.8079
12.8081
12.8081
12.8082
12.8086
12.8087
12.8087
12.8088
12.8089
12.809
12.809
12.809
12.8091
12.8093
12.8098
12.8099
12.8099
12.81
12.8103
12.8104
12.8105
12.8107
12.8109
12.8109
12.811
12.8111
12.8112
12.8112
12.8116
12.8118
12.812
12.812
12.8121
12.8122
12.8123
12.8124
12.8126
12.8126
12.8128
12.8129
12.813
12.813
12.8131
12.8132
12.8132
12.8134
12.8135
12.8135
12.8136
12.8138
12.8138
12.8139
12.814
12.814
12.8142
12.8142
12.8143
12.8147
12.8149
12.8149
12.8149
12.815
12.8157
12.8157
12.8159
12.816
12.816
12.8161
12.8162
12.8166
12.8166
12.817
12.8171
12.8172
12.8173
12.8178
12.818
12.8181
12.8182
12.8184
12.8187
12.8187
12.8189
12.8189
12.8189
12.8197
12.8198
12.82
12.8202
12.8202
12.8203
12.8206
12.8207
12.8208
12.821
12.8211
12.8211
12.8212
12.8213
12.8213
12.8217
12.8217
12.8219
12.822
12.8222
12.8222
12.8222
12.8222
12.8223
12.8225
12.8225
12.8227
12.8229
12.8234
12.8236
12.8236
12.8237
12.8237
12.8239
12.8241
12.8244
12.8245
12.8246
12.8246
12.8247
12.8247
12.8248
12.825
12.825
12.825
12.8253
12.8253
12.8254
12.8255
12.8256
12.8258
12.8258
12.8259
12.8261
12.8262
12.8262
12.8263
12.8264
12.8265
12.8265
12.8265
12.8268
12.8272
12.8275
12.8275
12.8276
12.8278
12.8278
12.8278
12.8279
12.828
12.828
12.8281
12.8282
12.8286
12.8288
12.8292
12.8293
12.8296
12.8296
12.8296
12.8298
12.8299
12.8299
12.8302
12.8303
12.8303
12.8303
12.8304
12.8305
12.8305
12.8306
12.8306
12.8307
12.8307
12.8309
12.8309
12.8311
12.8311
12.8312
12.8315
12.8315
12.8316
12.8324
12.8327
12.8327
12.8327
12.8328
12.833
12.8331
12.8332
12.8335
12.8335
12.8336
12.8336
12.8336
12.8336
12.8336
12.8337
12.8342
12.8344
12.8346
12.8352
12.8353
12.8353
12.8355
12.8355
12.8358
12.8359
12.836
12.836
12.8361
12.8364
12.8367
12.8368
12.8372
12.8373
12.8373
12.8375
12.8375
12.838
12.838
12.838
12.838
12.8381
12.8382
12.8385
12.8387
12.8387
12.8389
12.8389
12.8389
12.839
12.8392
12.8393
12.8395
12.8397
12.8397
12.8398
12.84
12.8401
12.8402
12.8402
12.8403
12.8403
12.8403
12.8405
12.8406
12.8406
12.8406
12.8408
12.8408
12.8408
12.841
12.841
12.841
12.8411
12.8413
12.8414
12.8414
12.8417
12.8417
12.8417
12.8418
12.8418
12.8419
12.8421
12.8423
12.8423
12.8424
12.843
12.8434
12.8436
12.8436
12.8438
12.8438
12.8441
12.8442
12.8442
12.8444
12.8444
12.8445
12.8446
12.8447
12.8447
12.8447
12.8449
12.8449
12.8449
12.845
12.8451
12.8452
12.8453
12.8453
12.8454
12.8454
12.8455
12.8455
12.8458
12.8458
12.8463
12.8466
12.847
12.847
12.8471
12.8473
12.8473
12.8475
12.8477
12.8478
12.8481
12.8481
12.8483
12.8486
12.8487
12.8492
12.8497
12.8498
12.8501
12.8501
12.8502
12.8502
12.8505
12.8506
12.8506
12.8506
12.8507
12.8507
12.8507
12.8509
12.8511
12.8512
12.8514
12.8515
12.8517
12.8518
12.8518
12.8519
12.852
12.8523
12.8525
12.8525
12.8525
12.8526
12.8529
12.8532
12.8532
12.8533
12.8533
12.8537
12.8537
12.8538
12.8539
12.8539
12.8541
12.8543
12.8546
12.8546
12.8547
12.8548
12.8548
12.8549
12.855
12.855
12.8551
12.8551
12.8553
12.8553
12.8553
12.8556
12.8556
12.8556
12.8557
12.8557
12.8558
12.8559
12.856
12.856
12.8563
12.8566
12.8568
12.8568
12.857
12.8571
12.8571
12.8572
12.8572
12.8573
12.8573
12.8574
12.8575
12.8575
12.8575
12.8576
12.8576
12.8579
12.858
12.858
12.8581
12.8581
12.8581
12.8583
12.8583
12.8584
12.8587
12.8587
12.8588
12.8588
12.8589
12.859
12.8594
12.8595
12.8595
12.8595
12.8598
12.8599
12.8601
12.8603
12.8604
12.8604
12.8604
12.8605
12.8606
12.8606
12.8606
12.8608
12.8609
12.861
12.8612
12.8614
12.8615
12.8617
12.8617
12.8618
12.8623
12.8627
12.8628
12.8629
12.863
12.863
12.8631
12.8631
12.8633
12.8636
12.8636
12.8637
12.8637
12.8638
12.8639
12.8639
12.864
12.8641
12.8643
12.8644
12.8647
12.8647
12.8647
12.8648
12.8648
12.8653
12.8653
12.8653
12.8654
12.8654
12.8658
12.8659
12.866
12.8661
12.8661
12.8665
12.8666
12.8666
12.867
12.8671
12.8673
12.8675
12.8676
12.8676
12.8676
12.8676
12.8677
12.8678
12.8679
12.868
12.8682
12.8683
12.8683
12.8686
12.8687
12.8687
12.8687
12.8689
12.8689
12.869
12.8691
12.8691
12.8692
12.8694
12.8696
12.8696
12.8696
12.8697
12.8698
12.8699
12.8699
12.8701
12.8701
12.8702
12.8702
12.8704
12.8705
12.8705
12.8707
12.8707
12.8709
12.8711
12.8713
12.8713
12.8714
12.8714
12.8715
12.8715
12.8718
12.872
12.8721
12.8721
12.8722
12.8724
12.8724
12.8725
12.8728
12.8729
12.873
12.8733
12.8734
12.8736
12.8739
12.874
12.8741
12.8741
12.8742
12.8746
12.8746
12.8747
12.875
12.875
12.875
12.8752
12.8752
12.8753
12.8754
12.8754
12.8756
12.8756
12.8759
12.8759
12.876
12.8761
12.8761
12.8762
12.8763
12.8765
12.8765
12.8765
12.8765
12.8765
12.8767
12.8767
12.8769
12.8769
12.8769
12.8772
12.8776
12.8776
12.8778
12.8778
12.878
12.8781
12.8782
12.8782
12.8784
12.8788
12.8788
12.8789
12.8792
12.8793
12.8793
12.8793
12.8794
12.8795
12.8795
12.8797
12.8798
12.8798
12.8799
12.8799
12.88
12.8801
12.8801
12.8802
12.8802
12.8803
12.8803
12.8803
12.8803
12.8806
12.8806
12.8807
12.8807
12.8809
12.8809
12.8812
12.8812
12.8816
12.8817
12.8818
12.882
12.882
12.882
12.8822
12.8823
12.8826
12.8828
12.883
12.8831
12.8832
12.8836
12.8837
12.8841
12.8842
12.8844
12.8845
12.8845
12.8845
12.8846
12.8846
12.8847
12.8849
12.8849
12.885
12.885
12.8854
12.8855
12.8857
12.886
12.886
12.8861
12.8864
12.8865
12.8866
12.8867
12.8867
12.8868
12.8869
12.8869
12.887
12.8871
12.8872
12.8872
12.8874
12.8878
12.888
12.888
12.889
12.889
12.889
12.889
12.8891
12.8894
12.8897
12.8898
12.8899
12.8899
12.8901
12.8902
12.8904
12.8906
12.8907
12.891
12.8911
12.8911
12.8913
12.8916
12.8918
12.8919
12.8919
12.8921
12.8921
12.8924
12.8925
12.8928
12.8929
12.8929
12.893
12.893
12.8931
12.8934
12.8935
12.8937
12.8937
12.8937
12.8937
12.8938
12.8941
12.8943
12.8943
12.8943
12.8945
12.8946
12.8946
12.8948
12.8949
12.895
12.895
12.8951
12.8957
12.8958
12.8959
12.8959
12.8962
12.8962
12.8963
12.8964
12.8964
12.8967
12.8967
12.8969
12.897
12.897
12.897
12.8971
12.8971
12.8972
12.8973
12.8974
12.8975
12.8978
12.8979
12.898
12.898
12.8982
12.8983
12.8984
12.8984
12.8986
12.8986
12.8986
12.8987
12.8988
12.8988
12.899
12.899
12.8991
12.8992
12.8995
12.8996
12.8998
12.8998
12.9002
12.9003
12.9007
12.9008
12.9009
12.9009
12.9012
12.9012
12.9013
12.9013
12.9013
12.9015
12.9016
12.9018
12.902
12.9021
12.9021
12.9022
12.9023
12.9023
12.9023
12.9025
12.9025
12.9029
12.903
12.9035
12.9036
12.9037
12.9038
12.904
12.9044
12.9045
12.9045
12.9051
12.9054
12.9054
12.9054
12.9054
12.9055
12.9055
12.9057
12.9057
12.9058
12.906
12.9062
12.9062
12.9074
12.9074
12.9075
12.9076
12.9078
12.9079
12.908
12.908
12.9082
12.9084
12.9089
12.9094
12.9094
12.9095
12.9095
12.91
12.9101
12.9104
12.9106
12.9107
12.9108
12.9112
12.9115
12.9116
12.9116
12.9116
12.9117
12.9117
12.9117
12.9117
12.912
12.9122
12.9123
12.9126
12.9127
12.9128
12.9129
12.913
12.9131
12.9131
12.9131
12.9133
12.9134
12.9134
12.914
12.9143
12.9146
12.9146
12.9146
12.9147
12.9148
12.9149
12.915
12.9151
12.9154
12.9157
12.9159
12.916
12.916
12.916
12.9162
12.9163
12.9163
12.9163
12.9166
12.9167
12.9168
12.9169
12.9169
12.9169
12.917
12.9171
12.9172
12.9173
12.9173
12.9173
12.9173
12.9175
12.9176
12.9177
12.9178
12.918
12.918
12.9181
12.9182
12.9182
12.9184
12.9186
12.9187
12.919
12.919
12.919
12.9191
12.9192
12.9193
12.9194
12.9194
12.9194
12.9195
12.9196
12.9198
12.9202
12.9202
12.9204
12.9205
12.9205
12.9212
12.9215
12.9217
12.9217
12.922
12.9221
12.9222
12.9222
12.9223
12.9224
12.9224
12.9225
12.9225
12.9228
12.923
12.923
12.9231
12.9232
12.9234
12.9235
12.9235
12.9237
12.9239
12.9244
12.9245
12.9246
12.9247
12.9248
12.9248
12.9249
12.9249
12.9252
12.9252
12.9252
12.9253
12.9255
12.9255
12.9256
12.9256
12.9259
12.9259
12.9261
12.9261
12.9261
12.9261
12.9262
12.9266
12.9266
12.9267
12.9271
12.9272
12.9272
12.9272
12.9274
12.9276
12.9277
12.9277
12.9278
12.9278
12.9279
12.9279
12.928
12.9281
12.9286
12.9287
12.9288
12.9289
12.929
12.929
12.9291
12.9293
12.9293
12.9295
12.9296
12.9298
12.9299
12.9299
12.93
12.93
12.9301
12.9302
12.9302
12.9303
12.9304
12.9304
12.9305
12.9306
12.9306
12.9307
12.9307
12.9307
12.9307
12.9312
12.9312
12.9313
12.9315
12.9315
12.9315
12.9315
12.9316
12.9317
12.9317
12.9319
12.9319
12.9319
12.932
12.932
12.932
12.9321
12.9321
12.9322
12.9322
12.9323
12.9323
12.9326
12.9327
12.9328
12.9329
12.9329
12.9329
12.9331
12.9332
12.9339
12.9339
12.9339
12.9342
12.9345
12.9345
12.9346
12.9346
12.9349
12.9351
12.9351
12.9352
12.9353
12.9354
12.9355
12.9355
12.9357
12.9359
12.9362
12.9362
12.9363
12.9364
12.9364
12.9364
12.9365
12.9367
12.9369
12.9369
12.937
12.937
12.9373
12.9375
12.9377
12.9377
12.9378
12.9378
12.9379
12.9379
12.938
12.938
12.9381
12.9381
12.9381
12.9383
12.9384
12.9386
12.9389
12.9396
12.9396
12.9399
12.94
12.94
12.9403
12.9405
12.9407
12.9408
12.941
12.9411
12.9411
12.9412
12.9413
12.9414
12.9416
12.9417
12.9417
12.9419
12.942
12.942
12.9422
12.9422
12.9424
12.9424
12.9425
12.9425
12.9425
12.9429
12.943
12.9432
12.9432
12.9432
12.9435
12.9436
12.9437
12.9438
12.9439
12.944
12.9441
12.9445
12.9446
12.9447
12.9447
12.9448
12.9454
12.9454
12.9459
12.9461
12.9462
12.9462
12.9463
12.9463
12.9464
12.9467
12.9469
12.947
12.9472
12.9473
12.9478
12.9478
12.9479
12.9479
12.948
12.9482
12.9482
12.9483
12.9484
12.9486
12.9487
12.9488
12.9489
12.949
12.9493
12.9493
12.9496
12.9496
12.95
12.95
12.9502
12.9503
12.9504
12.9505
12.9506
12.9506
12.9507
12.9507
12.9507
12.9508
12.9509
12.9511
12.9516
12.9517
12.9517
12.9518
12.9519
12.9519
12.9519
12.9519
12.9519
12.952
12.9525
12.9529
12.9531
12.9535
12.9536
12.9537
12.9537
12.9542
12.9542
12.9542
12.9546
12.9548
12.955
12.955
12.9551
12.9552
12.9554
12.9556
12.9558
12.9558
12.9563
12.9563
12.9565
12.9566
12.9568
12.957
12.9573
12.9573
12.9574
12.9575
12.9576
12.9577
12.9579
12.9579
12.9579
12.958
12.9581
12.9584
12.9584
12.9585
12.9586
12.9589
12.959
12.9591
12.9594
12.9596
12.9596
12.9596
12.9597
12.9598
12.96
12.9601
12.9604
12.9606
12.9607
12.9608
12.9613
12.9613
12.9618
12.9618
12.962
12.962
12.9621
12.9622
12.9628
12.9635
12.9635
12.9636
12.9637
12.9637
12.9638
12.964
12.9642
12.9642
12.9643
12.9643
12.9644
12.9646
12.9647
12.9648
12.965
12.9651
12.9653
12.9653
12.9655
12.9655
12.9656
12.9656
12.9657
12.9659
12.9661
12.9661
12.9662
12.9663
12.9663
12.9664
12.9664
12.9665
12.9665
12.9666
12.9666
12.9666
12.9667
12.967
12.9673
12.9673
12.9673
12.9675
12.9675
12.9676
12.9676
12.9679
12.9682
12.9684
12.9687
12.9687
12.969
12.9691
12.9695
12.9697
12.9697
12.9698
12.9698
12.9699
12.9702
12.9704
12.9704
12.9708
12.9708
12.9711
12.9713
12.9714
12.9715
12.9717
12.9718
12.9719
12.972
12.9721
12.9722
12.9723
12.9724
12.9725
12.9726
12.9727
12.9728
12.9728
12.973
12.9731
12.9733
12.9733
12.9734
12.9734
12.9736
12.9736
12.9736
12.9737
12.974
12.9741
12.9747
12.9748
12.9752
12.9752
12.9755
12.9757
12.9757
12.9759
12.9759
12.976
12.976
12.976
12.9762
12.9765
12.977
12.9771
12.9772
12.9772
12.9772
12.9774
12.9774
12.9775
12.9776
12.9779
12.9779
12.978
12.9781
12.9782
12.9786
12.9787
12.9791
12.9791
12.9793
12.9794
12.9794
12.9795
12.9795
12.9795
12.9797
12.9799
12.9801
12.9801
12.9802
12.9803
12.9803
12.9804
12.9804
12.9805
12.9807
12.9807
12.9809
12.9811
12.9813
12.9815
12.9819
12.982
12.982
12.9821
12.9822
12.9825
12.9827
12.9828
12.983
12.9831
12.9832
12.9832
12.9832
12.9835
12.9836
12.9843
12.9844
12.9844
12.9846
12.9847
12.9847
12.9848
12.9848
12.9849
12.985
12.985
12.9854
12.9855
12.9855
12.9857
12.9858
12.9858
12.9859
12.986
12.986
12.9861
12.9862
12.9863
12.9865
12.9866
12.9867
12.9868
12.9872
12.9875
12.9876
12.9876
12.9877
12.9877
12.9878
12.9878
12.9878
12.9881
12.9882
12.9884
12.9884
12.9885
12.9886
12.9886
12.9887
12.9887
12.9888
12.9894
12.9894
12.9895
12.9895
12.9902
12.9903
12.9904
12.9905
12.9905
12.991
12.9913
12.9913
12.9913
12.9915
12.9916
12.9919
12.9921
12.9924
12.9925
12.9925
12.9926
12.9928
12.9928
12.9929
12.993
12.9931
12.9931
12.9931
12.9936
12.9937
12.9938
12.994
12.9942
12.9944
12.9946
12.9946
12.9946
12.9949
12.9952
12.996
12.996
12.9961
12.9963
12.9963
12.9967
12.9968
12.9968
12.9969
12.997
12.997
12.9974
12.9978
12.9979
12.9979
12.9979
12.9981
12.9981
12.9984
12.9985
12.9987
12.9988
12.999
12.9991
12.9992
12.9993
12.9994
12.9994
12.9995
12.9995
12.9996
12.9996
12.9997
12.9997
12.9999
12.9999
13
13.0001
13.0005
13.0006
13.0008
13.0009
13.001
13.0013
13.0014
13.0015
13.0016
13.0016
13.0018
13.0019
13.002
13.002
13.002
13.0021
13.0022
13.0023
13.0023
13.0023
13.0023
13.0024
13.0027
13.0027
13.0027
13.003
13.0033
13.0035
13.0035
13.0036
13.0036
13.0037
13.0038
13.004
13.0042
13.0047
13.0048
13.005
13.0053
13.0053
13.0054
13.0054
13.0057
13.0058
13.0064
13.0068
13.0068
13.0068
13.0069
13.0071
13.0072
13.0074
13.0077
13.0077
13.0079
13.0082
13.0082
13.0082
13.0083
13.0086
13.0086
13.0086
13.0089
13.009
13.009
13.0094
13.0099
13.01
13.0107
13.0108
13.0111
13.0111
13.0114
13.0114
13.012
13.0122
13.0124
13.0126
13.0127
13.0127
13.0129
13.013
13.0134
13.0135
13.0136
13.0136
13.0139
13.014
13.014
13.0142
13.0144
13.0146
13.0148
13.0148
13.0149
13.0151
13.0151
13.0153
13.0153
13.0153
13.0154
13.0154
13.0155
13.0156
13.0157
13.0159
13.0159
13.0161
13.0162
13.0163
13.0164
13.0164
13.0166
13.0171
13.0171
13.0172
13.0175
13.0175
13.0178
13.018
13.018
13.0182
13.0184
13.0186
13.0187
13.0187
13.019
13.0191
13.0191
13.0191
13.0191
13.0192
13.0194
13.0196
13.0197
13.0199
13.02
13.0201
13.0202
13.0203
13.0203
13.0203
13.0204
13.0204
13.0206
13.0207
13.0208
13.0208
13.0209
13.0209
13.0209
13.0211
13.0212
13.0212
13.0212
13.0213
13.0214
13.0216
13.0216
13.0217
13.0218
13.0218
13.0222
13.0227
13.0232
13.0232
13.0232
13.0232
13.0232
13.0233
13.0234
13.0234
13.0237
13.0237
13.0239
13.0241
13.0243
13.0244
13.0246
13.0247
13.0248
13.0249
13.025
13.0253
13.0253
13.0254
13.0254
13.0255
13.0257
13.0257
13.0258
13.0258
13.0259
13.0259
13.0264
13.0265
13.0268
13.0269
13.0271
13.0273
13.0273
13.0275
13.0278
13.028
13.0283
13.0283
13.0283
13.0285
13.0285
13.0286
13.0287
13.0287
13.0288
13.0288
13.0289
13.0289
13.0292
13.0292
13.0292
13.0293
13.0293
13.0295
13.0295
13.0296
13.0296
13.0297
13.0299
13.03
13.0302
13.0304
13.0304
13.0306
13.0307
13.0307
13.0308
13.031
13.0311
13.0312
13.0314
13.0315
13.0316
13.0321
13.0321
13.0322
13.0325
13.0326
13.0329
13.0331
13.0332
13.0333
13.0334
13.0335
13.0336
13.0336
13.0337
13.0338
13.034
13.0343
13.0343
13.0345
13.0345
13.035
13.0353
13.0354
13.0359
13.036
13.0362
13.0362
13.0367
13.0368
13.0371
13.0372
13.0374
13.0376
13.0377
13.0378
13.0378
13.0378
13.0378
13.0384
13.0384
13.0386
13.0388
13.0389
13.0389
13.0391
13.0391
13.0391
13.0392
13.0393
13.0399
13.0399
13.0399
13.04
13.0401
13.0402
13.0403
13.0403
13.0403
13.0405
13.0407
13.041
13.0411
13.0412
13.0413
13.0417
13.0419
13.0421
13.0422
13.0427
13.0429
13.0431
13.0433
13.0435
13.0436
13.0436
13.0438
13.0441
13.0443
13.0444
13.0446
13.0447
13.0447
13.0448
13.0449
13.0454
13.0454
13.0454
13.0455
13.0456
13.0458
13.0459
13.0464
13.0466
13.0468
13.0469
13.047
13.047
13.0472
13.0473
13.0477
13.048
13.0481
13.0483
13.0484
13.0485
13.0486
13.0487
13.0489
13.0489
13.0489
13.0492
13.0492
13.0493
13.0494
13.0494
13.0496
13.0499
13.05
13.05
13.0502
13.0503
13.0504
13.0507
13.051
13.0511
13.0513
13.0516
13.0519
13.052
13.0522
13.0524
13.0524
13.0525
13.0528
13.053
13.0535
13.0536
13.0538
13.0538
13.0539
13.054
13.054
13.0542
13.0542
13.0543
13.0545
13.0546
13.0547
13.0548
13.0549
13.0549
13.0554
13.0556
13.0557
13.0558
13.056
13.0562
13.0563
13.0563
13.0564
13.0565
13.0568
13.057
13.057
13.057
13.057
13.0573
13.0574
13.0575
13.0575
13.058
13.0581
13.0582
13.0586
13.0588
13.059
13.0591
13.0595
13.0595
13.0599
13.0602
13.0604
13.0604
13.0609
13.0611
13.0614
13.0619
13.0619
13.0619
13.0622
13.0623
13.0623
13.0626
13.0626
13.0629
13.0629
13.0632
13.0632
13.0632
13.0636
13.0637
13.0639
13.0641
13.0643
13.0643
13.0644
13.0645
13.0646
13.0648
13.0651
13.0651
13.0655
13.0656
13.0656
13.0657
13.0658
13.0659
13.0659
13.0659
13.0661
13.0662
13.0662
13.0663
13.0665
13.0666
13.0666
13.0672
13.0672
13.0673
13.0673
13.0675
13.0676
13.0679
13.0679
13.068
13.068
13.068
13.0688
13.0688
13.0689
13.0691
13.0691
13.0694
13.0695
13.0695
13.07
13.0702
13.0702
13.0703
13.0704
13.0704
13.0704
13.0707
13.0707
13.0708
13.0709
13.071
13.0713
13.0714
13.0715
13.0716
13.072
13.0721
13.0721
13.0722
13.0722
13.0723
13.0724
13.0726
13.0727
13.0729
13.073
13.073
13.0731
13.0731
13.0731
13.0734
13.0735
13.0738
13.0738
13.0739
13.0739
13.074
13.074
13.0743
13.0743
13.0744
13.0748
13.075
13.0751
13.0751
13.0753
13.0758
13.0758
13.0759
13.0761
13.0762
13.0763
13.0765
13.0765
13.077
13.0771
13.0772
13.0772
13.0773
13.0773
13.0773
13.0778
13.078
13.078
13.0783
13.0786
13.0788
13.079
13.079
13.0793
13.0793
13.0797
13.0798
13.0798
13.0799
13.0799
13.0799
13.0799
13.08
13.0801
13.0803
13.0806
13.081
13.0811
13.0812
13.0813
13.0814
13.0819
13.0823
13.0823
13.0824
13.0825
13.0825
13.0831
13.0834
13.0838
13.0839
13.0839
13.084
13.0842
13.0844
13.0845
13.0847
13.0848
13.0848
13.085
13.0856
13.0857
13.0858
13.0859
13.086
13.0862
13.0864
13.0866
13.0867
13.0867
13.0867
13.0867
13.0868
13.0872
13.0872
13.0873
13.0875
13.0878
13.0879
13.0882
13.0885
13.0886
13.0887
13.0888
13.0894
13.0895
13.0895
13.0896
13.0896
13.0899
13.0904
13.0909
13.0909
13.0911
13.0912
13.0912
13.0912
13.0914
13.0915
13.0916
13.0918
13.0923
13.0923
13.0924
13.0924
13.0927
13.0927
13.0927
13.0928
13.0929
13.0932
13.0934
13.0936
13.0936
13.0936
13.0938
13.0939
13.094
13.0942
13.0943
13.0943
13.0944
13.0946
13.0948
13.095
13.095
13.095
13.0951
13.0951
13.0952
13.0952
13.0953
13.0953
13.0954
13.0956
13.0957
13.0957
13.096
13.096
13.096
13.0963
13.097
13.097
13.097
13.0971
13.0981
13.0984
13.0985
13.0985
13.0985
13.0987
13.099
13.099
13.0991
13.0996
13.0996
13.0997
13.0998
13.0999
13.1
13.1004
13.1004
13.1007
13.1008
13.1008
13.1009
13.101
13.101
13.1012
13.1013
13.1013
13.1017
13.1021
13.1021
13.1027
13.1034
13.1036
13.1037
13.1037
13.1039
13.1042
13.1046
13.1049
13.1052
13.1057
13.1057
13.107
13.107
13.1072
13.1075
13.1076
13.1077
13.1081
13.1085
13.1087
13.1088
13.109
13.1092
13.1093
13.1093
13.1098
13.11
13.1102
13.1109
13.1109
13.111
13.1111
13.1111
13.1113
13.1114
13.1121
13.1125
13.1126
13.1127
13.1129
13.113
13.1133
13.1134
13.114
13.114
13.115
13.1156
13.1159
13.1161
13.1167
13.117
13.1171
13.1174
13.1175
13.1177
13.1179
13.118
13.1185
13.1186
13.1186
13.1188
13.1188
13.1189
13.1192
13.1195
13.1199
13.1199
13.1202
13.1205
13.121
13.121
13.121
13.1212
13.1213
13.1215
13.1217
13.1217
13.1218
13.1219
13.122
13.122
13.1221
13.1222
13.1222
13.1223
13.1224
13.1225
13.1228
13.1228
13.1229
13.1229
13.1229
13.1232
13.1233
13.1248
13.1251
13.1252
13.1252
13.1253
13.1257
13.1257
13.1258
13.1261
13.1261
13.1261
13.1266
13.1267
13.1268
13.1269
13.1271
13.1272
13.1272
13.1274
13.1278
13.128
13.1284
13.1286
13.1287
13.1287
13.1288
13.1288
13.1289
13.1295
13.1297
13.1299
13.1299
13.1303
13.1305
13.1306
13.1307
13.1307
13.1309
13.1312
13.1312
13.1312
13.1312
13.1314
13.1317
13.1318
13.132
13.1322
13.1322
13.1323
13.1324
13.1328
13.133
13.1331
13.1334
13.1335
13.1335
13.1338
13.134
13.1342
13.1342
13.1344
13.1346
13.1347
13.1348
13.135
13.1356
13.1357
13.1357
13.1359
13.136
13.1361
13.1366
13.1367
13.1368
13.1373
13.1374
13.1376
13.1377
13.1377
13.138
13.1381
13.1385
13.1385
13.1388
13.1389
13.1392
13.1393
13.1393
13.14
13.1401
13.1402
13.1402
13.1403
13.1405
13.1406
13.1412
13.1413
13.1414
13.1416
13.1416
13.142
13.1422
13.1426
13.1431
13.1434
13.1436
13.1438
13.1439
13.1441
13.1442
13.1443
13.1444
13.1446
13.1446
13.1448
13.1448
13.1449
13.1451
13.1452
13.1456
13.1464
13.1465
13.1467
13.147
13.1473
13.1475
13.1479
13.1479
13.148
13.1482
13.1482
13.1483
13.1483
13.1487
13.149
13.1491
13.1492
13.15
13.1506
13.1507
13.1511
13.1523
13.1525
13.1526
13.1527
13.1534
13.1534
13.1538
13.154
13.1541
13.1542
13.1542
13.1547
13.1551
13.1553
13.1554
13.1554
13.1555
13.1555
13.1563
13.1567
13.1567
13.1572
13.1576
13.1577
13.1578
13.158
13.1583
13.1586
13.1587
13.159
13.159
13.1591
13.1594
13.1594
13.1595
13.1601
13.1601
13.1606
13.1609
13.1611
13.1611
13.1613
13.1618
13.162
13.1623
13.1623
13.1625
13.1633
13.1634
13.1638
13.1638
13.1641
13.1641
13.1646
13.1648
13.1652
13.1654
13.1657
13.1662
13.1663
13.1666
13.1667
13.1672
13.1672
13.1673
13.1674
13.1684
13.1686
13.1692
13.1692
13.1693
13.1693
13.1693
13.1695
13.1695
13.1697
13.1702
13.1702
13.1702
13.1705
13.1706
13.1708
13.1713
13.1714
13.1716
13.1718
13.1721
13.1726
13.1727
13.1728
13.1728
13.1731
13.1734
13.1739
13.1744
13.1748
13.1749
13.1749
13.1753
13.1755
13.1756
13.176
13.1765
13.1771
13.1772
13.1773
13.1776
13.1777
13.178
13.178
13.1781
13.1784
13.1792
13.1793
13.1797
13.1797
13.1803
13.1805
13.181
13.1812
13.1817
13.1818
13.182
13.1822
13.1829
13.183
13.1831
13.1834
13.1835
13.1835
13.1837
13.1838
13.1838
13.1846
13.1851
13.1851
13.1853
13.1854
13.1855
13.1861
13.1863
13.1864
13.1866
13.1867
13.187
13.1871
13.1872
13.1874
13.1875
13.1877
13.1877
13.1883
13.1886
13.1891
13.1891
13.1893
13.1897
13.1901
13.1901
13.1909
13.1911
13.1911
13.1912
13.1914
13.1918
13.1926
13.1926
13.1929
13.1933
13.1934
13.1934
13.1935
13.1936
13.1942
13.1943
13.1946
13.1948
13.1949
13.1951
13.1955
13.1958
13.1959
13.1962
13.1964
13.1965
13.1973
13.1977
13.1977
13.1983
13.1984
13.1984
13.1985
13.1987
13.1988
13.1989
13.1991
13.1991
13.1995
13.1996
13.1997
13.2
13.2001
13.2002
13.2005
13.2006
13.2007
13.2008
13.2017
13.2018
13.202
13.2021
13.2022
13.2025
13.2028
13.2033
13.2035
13.2037
13.2038
13.2038
13.2039
13.2043
13.2045
13.2053
13.2053
13.2059
13.206
13.2063
13.2064
13.2064
13.2069
13.2071
13.2073
13.2075
13.2075
13.2077
13.2077
13.2083
13.2085
13.2086
13.2086
13.2087
13.2091
13.2092
13.2095
13.2097
13.2098
13.2098
13.2099
13.2105
13.2107
13.2107
13.211
13.2112
13.2117
13.2122
13.2125
13.2126
13.2127
13.2129
13.2131
13.2132
13.2133
13.2136
13.2142
13.2144
13.2154
13.2156
13.2156
13.2157
13.2168
13.217
13.2173
13.2177
13.2178
13.218
13.2182
13.2182
13.2184
13.2185
13.2195
13.2203
13.2203
13.2204
13.2209
13.2216
13.2218
13.2221
13.2223
13.2223
13.2227
13.2231
13.2239
13.224
13.2245
13.2247
13.2258
13.2259
13.226
13.2262
13.2264
13.2264
13.2265
13.2266
13.2277
13.2277
13.2278
13.2278
13.2288
13.2288
13.2293
13.2294
13.2295
13.2297
13.2298
13.2299
13.2299
13.2304
13.2308
13.231
13.2314
13.2314
13.2327
13.2329
13.2333
13.2333
13.2334
13.2336
13.2341
13.2344
13.2344
13.235
13.235
13.2353
13.2353
13.2354
13.2357
13.236
13.2367
13.2368
13.2368
13.2368
13.2369
13.2376
13.2379
13.2382
13.2388
13.2393
13.24
13.2413
13.2416
13.2424
13.2425
13.2431
13.2432
13.2433
13.2436
13.244
13.2442
13.245
13.2451
13.2452
13.2454
13.2455
13.2458
13.246
13.2473
13.2483
13.2483
13.2483
13.2486
13.249
13.2493
13.2497
13.2498
13.2499
13.2499
13.2503
13.2508
13.251
13.2524
13.2527
13.2527
13.253
13.2544
13.2545
13.2549
13.2554
13.2559
13.2561
13.2562
13.2573
13.2586
13.2589
13.2591
13.2596
13.2597
13.2597
13.2605
13.2607
13.2613
13.2615
13.2625
13.2629
13.2629
13.2638
13.2642
13.265
13.265
13.2654
13.2658
13.2663
13.2665
13.2672
13.2673
13.2679
13.2681
13.2689
13.2695
13.27
13.27
13.2701
13.2706
13.2707
13.2713
13.2713
13.2714
13.2716
13.2716
13.2716
13.2716
13.2716
13.2726
13.2741
13.2746
13.2749
13.275
13.2755
13.2759
13.2763
13.2765
13.2769
13.277
13.277
13.2773
13.2774
13.2777
13.2782
13.2785
13.2788
13.2791
13.2796
13.2796
13.2801
13.2817
13.2824
13.2825
13.2831
13.2832
13.2839
13.2841
13.2854
13.2859
13.2864
13.2875
13.2885
13.29
13.2919
13.2926
13.2934
13.2938
13.2938
13.2942
13.2953
13.2962
13.2968
13.2968
13.297
13.2972
13.2973
13.2978
13.298
13.2988
13.2991
13.2995
13.3012
13.3021
13.3034
13.304
13.3051
13.3052
13.3053
13.3053
13.3061
13.307
13.3073
13.3074
13.3079
13.308
13.3083
13.3097
13.311
13.3111
13.3111
13.3116
13.3119
13.3121
13.3131
13.3134
13.3139
13.3146
13.3149
13.3167
13.3171
13.3174
13.3182
13.3191
13.3192
13.3202
13.3204
13.321
13.3212
13.3245
13.3246
13.3261
13.3266
13.3281
13.3298
13.3299
13.3299
13.3301
13.3314
13.3329
13.3331
13.3335
13.336
13.3367
13.3372
13.3385
13.3385
13.3395
13.3402
13.3407
13.3439
13.3439
13.3454
13.3463
13.3463
13.3468
13.3468
13.3478
13.3483
13.3484
13.3485
13.3488
13.3495
13.3509
13.3512
13.3515
13.3522
13.3546
13.355
13.3561
13.3564
13.3566
13.3571
13.3575
13.3603
13.3606
13.362
13.3632
13.3635
13.3646
13.3647
13.3657
13.366
13.3678
13.3682
13.3686
13.3686
13.3687
13.3695
13.3703
13.3711
13.3714
13.3748
13.3756
13.377
13.3771
13.3774
13.378
13.3785
13.3789
13.379
13.3792
13.3813
13.3814
13.3879
13.388
13.3883
13.3885
13.39
13.3906
13.3921
13.393
13.3933
13.3935
13.3938
13.3954
13.3959
13.3993
13.3994
13.4013
13.4024
13.4025
13.4059
13.4071
13.4092
13.4113
13.4121
13.4121
13.4123
13.4138
13.4156
13.4172
13.4174
13.4177
13.4207
13.4236
13.4241
13.425
13.4254
13.4255
13.4261
13.4272
13.4273
13.4276
13.428
13.4314
13.4342
13.4356
13.4357
13.4377
13.4396
13.4396
13.4411
13.4435
13.4443
13.4469
13.4486
13.4488
13.4493
13.4531
13.4553
13.4559
13.4564
13.4617
13.4627
13.4629
13.4635
13.4636
13.4642
13.4645
13.4657
13.466
13.4699
13.4727
13.4731
13.4752
13.4755
13.4773
13.4788
13.4792
13.4808
13.4838
13.4862
13.4865
13.4873
13.4899
13.494
13.5057
13.5078
13.5086
13.5237
13.5255
13.5293
13.5421
13.5423
13.5457
13.553
13.5598
13.5651
13.5678
13.5685
13.5738
13.5816
13.588
13.5944
13.6131
13.6741
13.6862
13.7157
